Current Frame: 9, BestMatchLKF: 6, SbBoW 0.75 matches: 327
Current Frame: 10, BestMatchLKF: 6, SbBoW 0.75 matches: 296
Current Frame: 11, BestMatchLKF: 7, SbBoW 0.75 matches: 303
Current Frame: 12, BestMatchLKF: 7, SbBoW 0.75 matches: 283
Current Frame: 13, BestMatchLKF: 9, SbBoW 0.75 matches: 979
Current Frame: 14, BestMatchLKF: 11, SbBoW 0.75 matches: 987
Current Frame: 15, BestMatchLKF: 11, SbBoW 0.75 matches: 244
Current Frame: 16, BestMatchLKF: 11, SbBoW 0.75 matches: 158
Current Frame: 17, BestMatchLKF: 12, SbBoW 0.75 matches: 141, Triangulate: 122
[0.97830683, -0.081634425, 0.19039842, -0.71694028;
 0.081984535, 0.99661529, 0.0060507059, -0.091981068;
 -0.19024792, 0.0096903183, 0.98168832, 0.69103986;
 0, 0, 0, 1]
Current Frame: 18, BestMatchLKF: 12, SbBoW 0.75 matches: 180
Current Frame: 19, BestMatchLKF: 12, SbBoW 0.75 matches: 233
Current Frame: 20, BestMatchLKF: 12, SbBoW 0.75 matches: 266
Current Frame: 21, BestMatchLKF: 12, SbBoW 0.75 matches: 189, Triangulate: 166
[0.99441379, 0.040207829, -0.097595245, 0.94696957;
 -0.039763115, 0.99918789, 0.006497765, -0.075298093;
 0.097777218, -0.0025807302, 0.9952051, -0.31237608;
 0, 0, 0, 1]
Current Frame: 22, BestMatchLKF: 12, SbBoW 0.75 matches: 127
Current Frame: 23, BestMatchLKF: 13, SbBoW 0.75 matches: 197
Current Frame: 24, BestMatchLKF: 13, SbBoW 0.75 matches: 196
Current Frame: 25, BestMatchLKF: 13, SbBoW 0.75 matches: 244
Current Frame: 26, BestMatchLKF: 13, SbBoW 0.75 matches: 993
Current Frame: 27, BestMatchLKF: 13, SbBoW 0.75 matches: 336
Current Frame: 28, BestMatchLKF: 13, SbBoW 0.75 matches: 334
Current Frame: 29, BestMatchLKF: 13, SbBoW 0.75 matches: 287, Triangulate: 241
[0.99940193, 0.012183771, -0.032362401, 0.98160201;
 -0.011825219, 0.99986684, 0.011247318, -0.18776833;
 0.0324951, -0.01085788, 0.99941289, -0.034649067;
 0, 0, 0, 1]
Current Frame: 30, BestMatchLKF: 14, SbBoW 0.75 matches: 239
Current Frame: 31, BestMatchLKF: 14, SbBoW 0.75 matches: 317
Current Frame: 32, BestMatchLKF: 14, SbBoW 0.75 matches: 313
Current Frame: 33, BestMatchLKF: 14, SbBoW 0.75 matches: 242, Triangulate: 198
[0.99962139, -0.0270516, 0.0050242841, 0.59509271;
 0.027011234, 0.99960351, 0.0079329293, 0.035679154;
 -0.0052368343, -0.0077942237, 0.99995589, -0.80286467;
 0, 0, 0, 1]
Current Frame: 34, BestMatchLKF: 14, SbBoW 0.75 matches: 218, Triangulate: 181
[0.99868846, -0.051193021, -0.00062292814, 0.8870123;
 0.051191986, 0.998353, 0.025893111, -0.14027907;
 -0.00070363283, -0.025891028, 0.99966455, -0.43992147;
 0, 0, 0, 1]
Current Frame: 35, BestMatchLKF: 14, SbBoW 0.75 matches: 183, Triangulate: 135
[0.99867266, -0.050347019, 0.01087752, 0.36552697;
 0.049879923, 0.99796867, 0.039628088, -0.17445748;
 -0.012850583, -0.039032876, 0.99915534, -0.91430557;
 0, 0, 0, 1]
Current Frame: 36, BestMatchLKF: 14, SbBoW 0.75 matches: 195
Current Frame: 37, BestMatchLKF: 14, SbBoW 0.75 matches: 192
Current Frame: 38, BestMatchLKF: 14, SbBoW 0.75 matches: 168
Current Frame: 39, BestMatchLKF: 14, SbBoW 0.75 matches: 164
Current Frame: 40, BestMatchLKF: 14, SbBoW 0.75 matches: 157, Triangulate: 119
[0.98150337, 0.069795296, -0.17826879, 0.71642858;
 -0.067144021, 0.99752498, 0.020869911, 0.29613847;
 0.17928413, -0.0085142553, 0.98376048, -0.63168991;
 0, 0, 0, 1]
Current Frame: 41, BestMatchLKF: 14, SbBoW 0.75 matches: 151
Current Frame: 42, BestMatchLKF: 14, SbBoW 0.75 matches: 152
Current Frame: 43, BestMatchLKF: 15, SbBoW 0.75 matches: 164, Triangulate: 129
[0.99860507, 0.047734052, 0.022573419, 0.46014273;
 -0.047883183, 0.99883425, 0.0061022639, -0.86783659;
 -0.022255741, -0.0071747154, 0.99972659, 0.18742546;
 0, 0, 0, 1]
Current Frame: 44, BestMatchLKF: 15, SbBoW 0.75 matches: 183, Triangulate: 131
[0.99946022, 0.028759748, 0.015878648, 0.44513774;
 -0.028757662, 0.99958646, -0.00036421418, -0.83407891;
 -0.015882507, -9.2625618e-05, 0.99987394, 0.32582927;
 0, 0, 0, 1]
Current Frame: 45, BestMatchLKF: 15, SbBoW 0.75 matches: 217
Current Frame: 46, BestMatchLKF: 15, SbBoW 0.75 matches: 237, Triangulate: 188
[0.99995422, 0.0081554651, 0.0050123632, 0.49013636;
 -0.0081302822, 0.99995416, -0.0050594211, -0.72250342;
 -0.0050534308, 0.0050183833, 0.99997461, 0.48760146;
 0, 0, 0, 1]
Current Frame: 47, BestMatchLKF: 15, SbBoW 0.75 matches: 285, Triangulate: 222
[0.99995899, 0.0077849627, 0.0046173334, 0.4671514;
 -0.0077530742, 0.99994612, -0.006896466, -0.79004884;
 -0.0046708435, 0.0068603456, 0.99996555, 0.39697897;
 0, 0, 0, 1]
Current Frame: 48, BestMatchLKF: 15, SbBoW 0.75 matches: 299, Triangulate: 241
[0.99999142, 0.0031386614, -0.0026859343, 0.68470937;
 -0.0031502843, 0.99998534, -0.0043585896, -0.46872643;
 0.0026723444, 0.0043670833, 0.99998695, 0.55809367;
 0, 0, 0, 1]
Current Frame: 49, BestMatchLKF: 15, SbBoW 0.75 matches: 990
Current Frame: 50, BestMatchLKF: 16, SbBoW 0.75 matches: 219, Triangulate: 147
[0.9974612, -0.0054136068, 0.071005218, 0.16460489;
 0.0046327859, 0.99992698, 0.011156499, -0.41952485;
 -0.071060419, -0.010799259, 0.99741364, 0.89269489;
 0, 0, 0, 1]
Current Frame: 51, BestMatchLKF: 16, SbBoW 0.75 matches: 272
Current Frame: 52, BestMatchLKF: 16, SbBoW 0.75 matches: 304
Current Frame: 53, BestMatchLKF: 16, SbBoW 0.75 matches: 353
Current Frame: 54, BestMatchLKF: 16, SbBoW 0.75 matches: 240
Current Frame: 55, BestMatchLKF: 17, SbBoW 0.75 matches: 231
Current Frame: 56, BestMatchLKF: 17, SbBoW 0.75 matches: 287
Current Frame: 57, BestMatchLKF: 17, SbBoW 0.75 matches: 343
Current Frame: 58, BestMatchLKF: 17, SbBoW 0.75 matches: 257
Current Frame: 59, BestMatchLKF: 17, SbBoW 0.75 matches: 210
Current Frame: 60, BestMatchLKF: 17, SbBoW 0.75 matches: 206
Current Frame: 61, BestMatchLKF: 17, SbBoW 0.75 matches: 192
Current Frame: 62, BestMatchLKF: 17, SbBoW 0.75 matches: 192
Current Frame: 63, BestMatchLKF: 17, SbBoW 0.75 matches: 189, Triangulate: 153
[0.98163116, 0.033080965, -0.18789801, -0.44937342;
 -0.034394175, 0.99940133, -0.0037325919, 0.5500986;
 0.18766214, 0.010126591, 0.98218149, -0.70388567;
 0, 0, 0, 1]
Current Frame: 64, BestMatchLKF: 18, SbBoW 0.75 matches: 162, Triangulate: 138
[0.98454487, -0.055506784, 0.16610369, 0.10606965;
 0.047083803, 0.99741805, 0.054227233, 0.49475572;
 -0.16868478, -0.045568407, 0.98461616, 0.86253458;
 0, 0, 0, 1]
Current Frame: 65, BestMatchLKF: 18, SbBoW 0.75 matches: 164, Triangulate: 130
[0.98885292, -0.055204403, 0.13828395, 0.090940811;
 0.048959106, 0.9976387, 0.048166394, 0.49984962;
 -0.14061645, -0.040859193, 0.98922068, 0.86132461;
 0, 0, 0, 1]
Current Frame: 66, BestMatchLKF: 17, SbBoW 0.75 matches: 167
Current Frame: 67, BestMatchLKF: 18, SbBoW 0.75 matches: 194, Triangulate: 164
[0.9950285, -0.045846388, 0.088409655, -0.027560461;
 0.043021549, 0.99850911, 0.033596575, 0.44536504;
 -0.08981809, -0.029626042, 0.99551749, 0.89492482;
 0, 0, 0, 1]
Current Frame: 68, BestMatchLKF: 18, SbBoW 0.75 matches: 199, Triangulate: 159
[0.9976719, -0.030592006, 0.060951233, -0.1444504;
 0.028438315, 0.99895096, 0.035894215, 0.27823156;
 -0.061985359, -0.034077361, 0.99749517, 0.94959003;
 0, 0, 0, 1]
Current Frame: 69, BestMatchLKF: 18, SbBoW 0.75 matches: 227, Triangulate: 188
[0.99958026, -0.017988343, 0.022710443, -0.16245474;
 0.01763412, 0.99972135, 0.01569733, 0.30665827;
 -0.022986546, -0.015290171, 0.99961877, 0.93785346;
 0, 0, 0, 1]
Current Frame: 70, BestMatchLKF: 18, SbBoW 0.75 matches: 265, Triangulate: 214
[0.99979645, 0.0040531, -0.01976797, -0.26759416;
 -0.0039956272, 0.9999876, 0.002947662, 0.040294904;
 0.019779667, -0.0028680414, 0.99980021, 0.9626888;
 0, 0, 0, 1]
Current Frame: 71, BestMatchLKF: 18, SbBoW 0.75 matches: 255, Triangulate: 187
[0.99922216, 0.0065110289, -0.038894385, -0.19576365;
 -0.0064431336, 0.99997759, 0.0018701777, -0.11783905;
 0.03890571, -0.0016180947, 0.99924153, 0.97354531;
 0, 0, 0, 1]
Current Frame: 72, BestMatchLKF: 18, SbBoW 0.75 matches: 263, Triangulate: 179
[0.99920398, 0.014361508, -0.037214786, -0.25249824;
 -0.014239542, 0.99989241, 0.0035398901, -0.31609419;
 0.03726165, -0.0030070841, 0.99930096, 0.91451031;
 0, 0, 0, 1]
Current Frame: 73, BestMatchLKF: 18, SbBoW 0.75 matches: 353
Current Frame: 74, BestMatchLKF: 18, SbBoW 0.75 matches: 990
Current Frame: 75, BestMatchLKF: 18, SbBoW 0.75 matches: 330
Current Frame: 76, BestMatchLKF: 18, SbBoW 0.75 matches: 307
Current Frame: 77, BestMatchLKF: 18, SbBoW 0.75 matches: 232, Triangulate: 151
[0.99946958, 0.0077393204, 0.031629503, 0.37157878;
 -0.0073245019, 0.99988586, -0.013211071, 0.44305411;
 -0.031728059, 0.012972236, 0.9994123, -0.81586289;
 0, 0, 0, 1]
Current Frame: 78, BestMatchLKF: 18, SbBoW 0.75 matches: 203, Triangulate: 166
[0.99947995, 0.0090746582, 0.030945361, 0.42945069;
 -0.0087691247, 0.99991167, -0.0099905431, 0.60987705;
 -0.031033367, 0.0097141862, 0.99947125, -0.66604954;
 0, 0, 0, 1]
Current Frame: 79, BestMatchLKF: 18, SbBoW 0.75 matches: 191, Triangulate: 151
[0.99958289, 0.011030182, 0.026690364, 0.38375533;
 -0.011166215, 0.99992532, 0.0049537122, 0.56069696;
 -0.026633739, -0.0052497089, 0.9996314, -0.73372388;
 0, 0, 0, 1]
Current Frame: 80, BestMatchLKF: 19, SbBoW 0.75 matches: 244, Triangulate: 206
[0.99846566, -0.054600611, 0.0092244148, -0.4158569;
 0.054689854, 0.99845612, -0.009724766, -0.4844496;
 -0.0086792409, 0.010214269, 0.99991012, 0.76965678;
 0, 0, 0, 1]
Current Frame: 81, BestMatchLKF: 19, SbBoW 0.75 matches: 294
Current Frame: 82, BestMatchLKF: 19, SbBoW 0.75 matches: 988
Current Frame: 83, BestMatchLKF: 19, SbBoW 0.75 matches: 255
Current Frame: 84, BestMatchLKF: 19, SbBoW 0.75 matches: 239, Triangulate: 173
[0.99898523, 0.032412533, -0.031272031, 0.13826796;
 -0.032339878, 0.99947298, 0.0028274655, 0.26217845;
 0.031347178, -0.0018133521, 0.99950695, -0.95506251;
 0, 0, 0, 1]
Current Frame: 85, BestMatchLKF: 19, SbBoW 0.75 matches: 211, Triangulate: 167
[0.99789602, 0.031230969, -0.056816161, 0.21619363;
 -0.030798096, 0.99948967, 0.0084793363, -0.022602456;
 0.057051986, -0.0067116786, 0.99834865, -0.97608882;
 0, 0, 0, 1]
Current Frame: 86, BestMatchLKF: 20, SbBoW 0.75 matches: 255
Current Frame: 87, BestMatchLKF: 20, SbBoW 0.75 matches: 997
Current Frame: 88, BestMatchLKF: 20, SbBoW 0.75 matches: 263, Triangulate: 186
[0.99949241, -0.026498336, -0.017687172, -0.50472903;
 0.026496425, 0.99964875, -0.00034106337, 0.027380137;
 0.017690063, -0.00012772158, 0.99984354, -0.86284351;
 0, 0, 0, 1]
Current Frame: 89, BestMatchLKF: 20, SbBoW 0.75 matches: 232, Triangulate: 176
[0.99887145, -0.041697465, -0.022745579, -0.18111297;
 0.041692749, 0.99913013, -0.00067877024, -0.041220941;
 0.022754058, -0.00027029961, 0.99974114, -0.98259807;
 0, 0, 0, 1]
Current Frame: 90, BestMatchLKF: 20, SbBoW 0.75 matches: 204, Triangulate: 173
[0.99877846, -0.047940325, 0.01197651, -0.39660785;
 0.047959156, 0.99884856, -0.0012852009, 0.028999504;
 -0.0119012, 0.0018580034, 0.9999274, -0.91752994;
 0, 0, 0, 1]
Current Frame: 91, BestMatchLKF: 21, SbBoW 0.75 matches: 239, Triangulate: 181
[0.99402165, 0.05126594, -0.09639813, -0.088252194;
 -0.053524926, 0.99834573, -0.020995766, -0.17880143;
 0.095162317, 0.026029944, 0.99512142, 0.97991914;
 0, 0, 0, 1]
Current Frame: 92, BestMatchLKF: 21, SbBoW 0.75 matches: 987
Current Frame: 93, BestMatchLKF: 21, SbBoW 0.75 matches: 241
Current Frame: 94, BestMatchLKF: 21, SbBoW 0.75 matches: 197, Triangulate: 158
[0.98588043, -0.084707931, 0.14444464, -0.26055565;
 0.076211691, 0.99507517, 0.063381404, 0.15884523;
 -0.14910218, -0.051478073, 0.98748094, -0.95230192;
 0, 0, 0, 1]
Current Frame: 95, BestMatchLKF: 22, SbBoW 0.75 matches: 148
Current Frame: 96, BestMatchLKF: 22, SbBoW 0.75 matches: 180
Current Frame: 97, BestMatchLKF: 22, SbBoW 0.75 matches: 195, Triangulate: 161
[0.99538654, 0.0304638, -0.090981737, 0.17397526;
 -0.033321619, 0.99899256, -0.030058652, -0.77513468;
 0.089974359, 0.032951564, 0.99539888, 0.60737038;
 0, 0, 0, 1]
Current Frame: 98, BestMatchLKF: 22, SbBoW 0.75 matches: 267
Current Frame: 99, BestMatchLKF: 22, SbBoW 0.75 matches: 322
Current Frame: 100, BestMatchLKF: 22, SbBoW 0.75 matches: 282
Current Frame: 101, BestMatchLKF: 22, SbBoW 0.75 matches: 232, Triangulate: 194
[0.98673362, -0.050667554, 0.15423834, -0.44262582;
 0.05841434, 0.99722683, -0.04611218, 0.87293214;
 -0.15147427, 0.054510131, 0.98695701, -0.20511423;
 0, 0, 0, 1]
Current Frame: 102, BestMatchLKF: 23, SbBoW 0.75 matches: 237
Current Frame: 103, BestMatchLKF: 23, SbBoW 0.75 matches: 271
Current Frame: 104, BestMatchLKF: 23, SbBoW 0.75 matches: 299
Current Frame: 105, BestMatchLKF: 23, SbBoW 0.75 matches: 304
Current Frame: 106, BestMatchLKF: 23, SbBoW 0.75 matches: 324
Current Frame: 107, BestMatchLKF: 23, SbBoW 0.75 matches: 234, Triangulate: 191
[0.98702401, -0.06434536, 0.14711703, -0.81492561;
 0.070532739, 0.99681455, -0.037229419, -0.53214979;
 -0.14425282, 0.047122851, 0.98841834, -0.22959289;
 0, 0, 0, 1]
Current Frame: 108, BestMatchLKF: 24, SbBoW 0.75 matches: 227
Current Frame: 109, BestMatchLKF: 24, SbBoW 0.75 matches: 265, Triangulate: 172
[0.98479748, 0.031731874, -0.17078328, 0.69376111;
 -0.03534326, 0.99921042, -0.018146768, 0.67974389;
 0.17007267, 0.023906857, 0.98514152, -0.23799945;
 0, 0, 0, 1]
Current Frame: 110, BestMatchLKF: 24, SbBoW 0.75 matches: 312
Current Frame: 111, BestMatchLKF: 24, SbBoW 0.75 matches: 326
Current Frame: 112, BestMatchLKF: 24, SbBoW 0.75 matches: 354
Current Frame: 113, BestMatchLKF: 24, SbBoW 0.75 matches: 279
Current Frame: 114, BestMatchLKF: 24, SbBoW 0.75 matches: 239
Current Frame: 115, BestMatchLKF: 24, SbBoW 0.75 matches: 217
Current Frame: 116, BestMatchLKF: 25, SbBoW 0.75 matches: 194
Current Frame: 117, BestMatchLKF: 25, SbBoW 0.75 matches: 227
Current Frame: 118, BestMatchLKF: 25, SbBoW 0.75 matches: 981
Current Frame: 119, BestMatchLKF: 25, SbBoW 0.75 matches: 224
Current Frame: 120, BestMatchLKF: 25, SbBoW 0.75 matches: 212
Current Frame: 121, BestMatchLKF: 25, SbBoW 0.75 matches: 221
Current Frame: 122, BestMatchLKF: 26, SbBoW 0.75 matches: 149
Current Frame: 123, BestMatchLKF: 25, SbBoW 0.75 matches: 147
Current Frame: 124, BestMatchLKF: 26, SbBoW 0.75 matches: 175
Current Frame: 125, BestMatchLKF: 26, SbBoW 0.75 matches: 268, Triangulate: 238
[0.99844682, 0.031921118, -0.045660719, 0.96897221;
 -0.032088757, 0.99948072, -0.0029430874, -0.12741144;
 0.04554309, 0.0044036955, 0.99895269, -0.21180001;
 0, 0, 0, 1]
Current Frame: 126, BestMatchLKF: 26, SbBoW 0.75 matches: 336
Current Frame: 127, BestMatchLKF: 26, SbBoW 0.75 matches: 209
Current Frame: 128, BestMatchLKF: 26, SbBoW 0.75 matches: 180
Current Frame: 129, BestMatchLKF: 26, SbBoW 0.75 matches: 139
Current Frame: 130, BestMatchLKF: 27, SbBoW 0.75 matches: 166
Current Frame: 131, BestMatchLKF: 27, SbBoW 0.75 matches: 167
Current Frame: 132, BestMatchLKF: 27, SbBoW 0.75 matches: 218, Triangulate: 176
[0.99822474, 0.050453365, -0.031651009, 0.95807338;
 -0.049998313, 0.9986366, 0.015007689, 0.2753258;
 0.032365002, -0.013398493, 0.99938613, 0.079316244;
 0, 0, 0, 1]
Current Frame: 133, BestMatchLKF: 27, SbBoW 0.75 matches: 257
Current Frame: 134, BestMatchLKF: 27, SbBoW 0.75 matches: 282
Current Frame: 135, BestMatchLKF: 27, SbBoW 0.75 matches: 264
Current Frame: 136, BestMatchLKF: 27, SbBoW 0.75 matches: 271, Triangulate: 219
[0.99988019, -0.015253857, 0.0026153922, -0.77167898;
 0.015264735, 0.99987459, -0.0041942447, -0.24287377;
 -0.0025511384, 0.0042336881, 0.99998778, 0.58781272;
 0, 0, 0, 1]
Current Frame: 137, BestMatchLKF: 27, SbBoW 0.75 matches: 232
Current Frame: 138, BestMatchLKF: 27, SbBoW 0.75 matches: 186
Current Frame: 139, BestMatchLKF: 27, SbBoW 0.75 matches: 178
Current Frame: 140, BestMatchLKF: 27, SbBoW 0.75 matches: 146
Current Frame: 141, BestMatchLKF: 29, SbBoW 0.75 matches: 92
Current Frame: 142, BestMatchLKF: 28, SbBoW 0.75 matches: 163, Triangulate: 120
[0.97786015, 0.071411997, -0.19669798, -0.041110702;
 -0.076347053, 0.99692571, -0.01761201, -0.40169299;
 0.19483557, 0.032239318, 0.98030603, 0.91485119;
 0, 0, 0, 1]
Current Frame: 143, BestMatchLKF: 28, SbBoW 0.75 matches: 212, Triangulate: 143
[0.99329084, 0.046262793, -0.10598656, 0.028046507;
 -0.048418269, 0.99866754, -0.017853931, -0.26207587;
 0.10501935, 0.022865877, 0.9942072, 0.9646396;
 0, 0, 0, 1]
Current Frame: 144, BestMatchLKF: 28, SbBoW 0.75 matches: 301
Current Frame: 145, BestMatchLKF: 28, SbBoW 0.75 matches: 987
Current Frame: 146, BestMatchLKF: 28, SbBoW 0.75 matches: 199, Triangulate: 160
[0.99605322, -0.066815317, 0.058429077, -0.28701696;
 0.064095616, 0.99682468, 0.047245175, 0.30231822;
 -0.061400265, -0.043313652, 0.99717301, -0.90896916;
 0, 0, 0, 1]
Current Frame: 147, BestMatchLKF: 28, SbBoW 0.75 matches: 176, Triangulate: 146
[0.99578393, -0.047227271, 0.078638226, -0.38055888;
 0.042165101, 0.99700493, 0.064833641, 0.25250241;
 -0.081464469, -0.061244458, 0.99479276, -0.88961643;
 0, 0, 0, 1]
Current Frame: 148, BestMatchLKF: 28, SbBoW 0.75 matches: 166, Triangulate: 124
[0.9962219, -0.04375457, 0.075016901, -0.26512152;
 0.039137505, 0.99731153, 0.061952114, 0.278999;
 -0.077526018, -0.05878213, 0.99525595, -0.92296809;
 0, 0, 0, 1]
Current Frame: 149, BestMatchLKF: 28, SbBoW 0.75 matches: 150, Triangulate: 117
[0.99660099, -0.02827172, 0.077375948, -0.43545473;
 0.023854844, 0.99806464, 0.057424858, 0.27432218;
 -0.078849673, -0.055383906, 0.99534672, -0.85739517;
 0, 0, 0, 1]
Current Frame: 150, BestMatchLKF: 28, SbBoW 0.75 matches: 137, Triangulate: 100
[0.99691331, -0.046060115, 0.063580066, -0.50838804;
 0.042471141, 0.99748802, 0.056690335, 0.37359956;
 -0.066031426, -0.053815067, 0.99636531, -0.77586395;
 0, 0, 0, 1]
Current Frame: 151, BestMatchLKF: 28, SbBoW 0.75 matches: 161, Triangulate: 127
[0.99682671, -0.060408667, 0.051839381, -0.59895766;
 0.057436317, 0.99671894, 0.057030231, 0.31960255;
 -0.055114418, -0.053871781, 0.99702585, -0.7342369;
 0, 0, 0, 1]
Current Frame: 152, BestMatchLKF: 28, SbBoW 0.75 matches: 140, Triangulate: 95
[0.99682313, -0.078771561, 0.011780888, -0.4575831;
 0.077429757, 0.99306804, 0.088434733, 0.12492295;
 -0.018665224, -0.08724162, 0.99601233, -0.88034767;
 0, 0, 0, 1]
Current Frame: 153, BestMatchLKF: 28, SbBoW 0.75 matches: 141
Current Frame: 154, BestMatchLKF: 28, SbBoW 0.75 matches: 124, Triangulate: 107
[0.99666464, -0.080302179, 0.014526069, -0.64925992;
 0.078760751, 0.99314916, 0.086322851, 0.1165063;
 -0.02135849, -0.084890857, 0.99616134, -0.75159013;
 0, 0, 0, 1]
Current Frame: 155, BestMatchLKF: 28, SbBoW 0.75 matches: 149
Current Frame: 156, BestMatchLKF: 28, SbBoW 0.75 matches: 160
Current Frame: 157, BestMatchLKF: 28, SbBoW 0.75 matches: 169
Current Frame: 158, BestMatchLKF: 28, SbBoW 0.75 matches: 178, Triangulate: 143
[0.99834859, -0.053655569, 0.020522237, -0.91931236;
 0.053371556, 0.99847472, 0.014148351, -0.1128173;
 -0.021250099, -0.013029719, 0.99968928, -0.37701061;
 0, 0, 0, 1]
Current Frame: 159, BestMatchLKF: 28, SbBoW 0.75 matches: 200, Triangulate: 161
[0.9982776, -0.053344235, 0.024417996, -0.94869912;
 0.052979738, 0.99847782, 0.015338387, -0.26287076;
 -0.025199026, -0.014018316, 0.99958408, -0.17569545;
 0, 0, 0, 1]
Current Frame: 160, BestMatchLKF: 28, SbBoW 0.75 matches: 161, Triangulate: 132
[0.99816853, -0.05822435, 0.016421111, -0.91575891;
 0.057704687, 0.99786717, 0.03051799, -0.40118462;
 -0.018162984, -0.029514574, 0.99939919, 0.020893384;
 0, 0, 0, 1]
Current Frame: 161, BestMatchLKF: 28, SbBoW 0.75 matches: 194
Current Frame: 162, BestMatchLKF: 28, SbBoW 0.75 matches: 179, Triangulate: 144
[0.99790782, -0.064647108, 0.00081960857, -0.74069154;
 0.064641625, 0.99789345, 0.0054843575, -0.59967607;
 -0.0011724532, -0.0054199249, 0.99998456, 0.30292666;
 0, 0, 0, 1]
Current Frame: 163, BestMatchLKF: 28, SbBoW 0.75 matches: 165
Current Frame: 164, BestMatchLKF: 28, SbBoW 0.75 matches: 136, Triangulate: 98
[0.99639726, -0.080734149, -0.025971621, -0.3389644;
 0.080617756, 0.99672985, -0.0055023134, -0.7388525;
 0.026330858, 0.0033888519, 0.99964762, 0.58240885;
 0, 0, 0, 1]
Current Frame: 165, BestMatchLKF: 28, SbBoW 0.75 matches: 147, Triangulate: 90
[0.99702561, -0.069019057, -0.034296125, -0.22517732;
 0.068435542, 0.99749488, -0.017907441, -0.50649971;
 0.035446137, 0.015507162, 0.99925125, 0.83231801;
 0, 0, 0, 1]
Current Frame: 166, BestMatchLKF: 27, SbBoW 0.75 matches: 121
Current Frame: 167, BestMatchLKF: 29, SbBoW 0.75 matches: 130
Current Frame: 168, BestMatchLKF: 29, SbBoW 0.75 matches: 151, Triangulate: 112
[0.99563372, 0.038107902, -0.085212618, -0.78099048;
 -0.035043567, 0.99869418, 0.037172869, 0.3096633;
 0.086518049, -0.034024358, 0.99566913, -0.54236752;
 0, 0, 0, 1]
Current Frame: 169, BestMatchLKF: 29, SbBoW 0.75 matches: 168
Current Frame: 170, BestMatchLKF: 29, SbBoW 0.75 matches: 184
Current Frame: 171, BestMatchLKF: 29, SbBoW 0.75 matches: 291
Current Frame: 172, BestMatchLKF: 29, SbBoW 0.75 matches: 254, Triangulate: 173
[0.99541122, -0.052887224, 0.079745308, 0.99533921;
 0.050088651, 0.99807048, 0.036696717, -0.094002046;
 -0.081532255, -0.032534003, 0.99613971, 0.021529505;
 0, 0, 0, 1]
Current Frame: 173, BestMatchLKF: 29, SbBoW 0.75 matches: 130, Triangulate: 105
[0.96758163, -0.1278937, 0.2177815, 0.8998872;
 0.11384483, 0.99059266, 0.07593102, 0.0087952726;
 -0.22544383, -0.048676219, 0.97303933, -0.43603399;
 0, 0, 0, 1]
Current Frame: 174, BestMatchLKF: 30, SbBoW 0.75 matches: 127
Current Frame: 175, BestMatchLKF: 30, SbBoW 0.75 matches: 190
Current Frame: 176, BestMatchLKF: 30, SbBoW 0.75 matches: 250
Current Frame: 177, BestMatchLKF: 30, SbBoW 0.75 matches: 317
Current Frame: 178, BestMatchLKF: 30, SbBoW 0.75 matches: 312
Current Frame: 179, BestMatchLKF: 30, SbBoW 0.75 matches: 252, Triangulate: 119
[0.99996305, 0.0021524429, 0.0083318651, 0.62537223;
 -0.0018936433, 0.99951917, -0.030949794, -0.098558731;
 -0.0083945394, 0.030932784, 0.99948627, -0.77407736;
 0, 0, 0, 1]
Current Frame: 180, BestMatchLKF: 30, SbBoW 0.75 matches: 212, Triangulate: 127
[0.99988902, -0.011639327, -0.0092993975, 0.8053931;
 0.011340141, 0.99943632, -0.03160049, -0.44874272;
 0.0096619725, 0.031491548, 0.99945742, -0.38726211;
 0, 0, 0, 1]
Current Frame: 181, BestMatchLKF: 30, SbBoW 0.75 matches: 197, Triangulate: 148
[0.99932241, -0.013836741, -0.034108192, 0.74265158;
 0.0137133, 0.99989855, -0.003849566, -0.60547167;
 0.034157947, 0.0033792108, 0.99941069, -0.28613383;
 0, 0, 0, 1]
Current Frame: 182, BestMatchLKF: 30, SbBoW 0.75 matches: 162, Triangulate: 126
[0.99862635, -0.017576754, -0.049359217, 0.66239524;
 0.017269135, 0.99982876, -0.0066526234, -0.71418142;
 0.049467817, 0.0057910532, 0.99875903, -0.22622415;
 0, 0, 0, 1]
Current Frame: 183, BestMatchLKF: 30, SbBoW 0.75 matches: 158
Current Frame: 184, BestMatchLKF: 30, SbBoW 0.75 matches: 150, Triangulate: 110
[0.99781448, -0.020581633, -0.062791243, 0.69102603;
 0.019955575, 0.99974489, -0.01058124, -0.71758294;
 0.062992953, 0.0093050823, 0.99797052, -0.086935602;
 0, 0, 0, 1]
Current Frame: 185, BestMatchLKF: 30, SbBoW 0.75 matches: 139
Current Frame: 186, BestMatchLKF: 30, SbBoW 0.75 matches: 163
Current Frame: 187, BestMatchLKF: 30, SbBoW 0.75 matches: 160, Triangulate: 110
[0.99923956, -0.0030285418, -0.038875282, 0.83347452;
 0.0014329851, 0.99915802, -0.041002162, -0.55032253;
 0.038966745, 0.040915266, 0.99840254, 0.049652193;
 0, 0, 0, 1]
Current Frame: 188, BestMatchLKF: 30, SbBoW 0.75 matches: 148, Triangulate: 109
[0.99935651, -0.0106318, -0.03425841, 0.90396971;
 0.0092211664, 0.99911344, -0.041075125, -0.42511666;
 0.03466475, 0.040732816, 0.99856865, 0.045985334;
 0, 0, 0, 1]
Current Frame: 189, BestMatchLKF: 30, SbBoW 0.75 matches: 192
Current Frame: 190, BestMatchLKF: 30, SbBoW 0.75 matches: 185
Current Frame: 191, BestMatchLKF: 30, SbBoW 0.75 matches: 142, Triangulate: 111
[0.99995303, -0.0095677152, -0.001568228, 0.95412856;
 0.0095048323, 0.99930209, -0.036124244, 0.10374972;
 0.0019126832, 0.036107607, 0.9993462, 0.28084636;
 0, 0, 0, 1]
Current Frame: 192, BestMatchLKF: 30, SbBoW 0.75 matches: 157, Triangulate: 96
[0.99981582, -0.013262197, 0.013873309, 0.89454502;
 0.01367414, 0.99945551, -0.030028358, 0.20025758;
 -0.013467461, 0.030212447, 0.99945277, 0.39960736;
 0, 0, 0, 1]
Current Frame: 193, BestMatchLKF: 30, SbBoW 0.75 matches: 152
Current Frame: 194, BestMatchLKF: 31, SbBoW 0.75 matches: 126, Triangulate: 83
[0.98917949, -0.093331009, 0.11319622, 0.49119827;
 0.10315281, 0.99109089, -0.08425267, -0.79898888;
 -0.1043244, 0.095017463, 0.98999411, -0.34690192;
 0, 0, 0, 1]
Current Frame: 195, BestMatchLKF: 31, SbBoW 0.75 matches: 137
Current Frame: 196, BestMatchLKF: 30, SbBoW 0.75 matches: 136
Current Frame: 197, BestMatchLKF: 31, SbBoW 0.75 matches: 191
Current Frame: 198, BestMatchLKF: 31, SbBoW 0.75 matches: 261, Triangulate: 136
[0.99741066, -0.0079607666, 0.071474433, 0.69024938;
 0.010630578, 0.99925685, -0.037050903, -0.65161771;
 -0.071126357, 0.037714839, 0.99675393, -0.31456342;
 0, 0, 0, 1]
Current Frame: 199, BestMatchLKF: 31, SbBoW 0.75 matches: 287
Current Frame: 200, BestMatchLKF: 31, SbBoW 0.75 matches: 325
Current Frame: 201, BestMatchLKF: 31, SbBoW 0.75 matches: 259, Triangulate: 129
[0.99511141, -0.010167152, -0.098233908, -0.8622703;
 0.013895988, 0.99920565, 0.037349582, 0.36485758;
 0.097776055, -0.038532108, 0.99446225, 0.35123914;
 0, 0, 0, 1]
Current Frame: 202, BestMatchLKF: 31, SbBoW 0.75 matches: 174, Triangulate: 120
[0.98275608, -0.025081933, -0.18319747, -0.91575861;
 0.034529209, 0.99822319, 0.048561618, 0.30709997;
 0.18165393, -0.054049872, 0.98187602, 0.25898987;
 0, 0, 0, 1]
Current Frame: 203, BestMatchLKF: 31, SbBoW 0.75 matches: 151, Triangulate: 121
[0.96424973, -0.047215626, -0.26075554, -0.95683336;
 0.058654547, 0.99761975, 0.036257744, 0.21996208;
 0.25842291, -0.050256062, 0.96472377, 0.1899648;
 0, 0, 0, 1]
Current Frame: 204, BestMatchLKF: 32, SbBoW 0.75 matches: 160, Triangulate: 119
[0.98761487, -0.081894189, 0.13382919, 0.43472284;
 0.070861995, 0.99383891, 0.085222065, 0.65556341;
 -0.1399838, -0.07468307, 0.9873333, -0.61745656;
 0, 0, 0, 1]
Current Frame: 205, BestMatchLKF: 32, SbBoW 0.75 matches: 208, Triangulate: 172
[0.99367768, -0.08079192, 0.077957183, 0.43510336;
 0.07605806, 0.99518031, 0.061898232, 0.56533486;
 -0.082582355, -0.055577546, 0.99503338, -0.70077205;
 0, 0, 0, 1]
Current Frame: 206, BestMatchLKF: 32, SbBoW 0.75 matches: 244
Current Frame: 207, BestMatchLKF: 32, SbBoW 0.75 matches: 279
Current Frame: 208, BestMatchLKF: 32, SbBoW 0.75 matches: 213
Current Frame: 209, BestMatchLKF: 33, SbBoW 0.75 matches: 152, Triangulate: 90
[0.97282869, -0.081910163, 0.21655259, 0.38829383;
 0.085579745, 0.99630237, -0.0076062232, 0.91982073;
 -0.21512869, 0.025932096, 0.97624141, -0.056193169;
 0, 0, 0, 1]
Current Frame: 210, BestMatchLKF: 33, SbBoW 0.75 matches: 187
Current Frame: 211, BestMatchLKF: 33, SbBoW 0.75 matches: 253
Current Frame: 212, BestMatchLKF: 33, SbBoW 0.75 matches: 302
Current Frame: 213, BestMatchLKF: 33, SbBoW 0.75 matches: 342
Current Frame: 214, BestMatchLKF: 33, SbBoW 0.75 matches: 294
Current Frame: 215, BestMatchLKF: 33, SbBoW 0.75 matches: 253
Current Frame: 216, BestMatchLKF: 33, SbBoW 0.75 matches: 195, Triangulate: 162
[0.99719197, 0.072537735, 0.018616363, -0.10030821;
 -0.072752461, 0.99728793, 0.011130482, 0.39288476;
 -0.017758548, -0.012453556, 0.9997648, -0.91410059;
 0, 0, 0, 1]
Current Frame: 217, BestMatchLKF: 33, SbBoW 0.75 matches: 159
Current Frame: 218, BestMatchLKF: 34, SbBoW 0.75 matches: 176
Current Frame: 219, BestMatchLKF: 34, SbBoW 0.75 matches: 221
Current Frame: 220, BestMatchLKF: 34, SbBoW 0.75 matches: 241, Triangulate: 193
[0.99890912, -0.044185907, -0.015103847, 0.82481605;
 0.043867603, 0.9988209, -0.020797879, -0.29403219;
 0.016005009, 0.020112678, 0.99966961, 0.48293221;
 0, 0, 0, 1]
Current Frame: 221, BestMatchLKF: 34, SbBoW 0.75 matches: 265
Current Frame: 222, BestMatchLKF: 34, SbBoW 0.75 matches: 264
Current Frame: 223, BestMatchLKF: 34, SbBoW 0.75 matches: 239, Triangulate: 194
[0.99854147, -0.021947317, -0.049330175, -0.97480196;
 0.023747072, 0.99906242, 0.036198992, 0.080022253;
 0.048489481, -0.037317656, 0.99812633, -0.20822486;
 0, 0, 0, 1]
Current Frame: 224, BestMatchLKF: 34, SbBoW 0.75 matches: 194, Triangulate: 167
[0.99237221, -0.027545556, -0.12016069, -0.98470896;
 0.030099556, 0.99935693, 0.019492138, 0.17395447;
 0.11954653, -0.022960272, 0.99256307, 0.0093848258;
 0, 0, 0, 1]
Current Frame: 225, BestMatchLKF: 35, SbBoW 0.75 matches: 142, Triangulate: 114
[0.99723637, -0.04648076, 0.057959318, 0.98365325;
 0.044543356, 0.99841905, 0.034283351, 0.17472707;
 -0.05946121, -0.031606905, 0.99773008, -0.04355089;
 0, 0, 0, 1]
Current Frame: 226, BestMatchLKF: 35, SbBoW 0.75 matches: 202
Current Frame: 227, BestMatchLKF: 35, SbBoW 0.75 matches: 196
Current Frame: 228, BestMatchLKF: 35, SbBoW 0.75 matches: 262
Current Frame: 229, BestMatchLKF: 35, SbBoW 0.75 matches: 272
Current Frame: 230, BestMatchLKF: 35, SbBoW 0.75 matches: 283
Current Frame: 231, BestMatchLKF: 35, SbBoW 0.75 matches: 287
Current Frame: 232, BestMatchLKF: 35, SbBoW 0.75 matches: 222
Current Frame: 233, BestMatchLKF: 35, SbBoW 0.75 matches: 187
Current Frame: 234, BestMatchLKF: 36, SbBoW 0.75 matches: 124, Triangulate: 66
[0.99774975, 0.034083113, 0.057740062, 0.42683476;
 -0.028307397, 0.99477869, -0.098050401, -0.11551116;
 -0.060780525, 0.096195266, 0.993505, 0.89692211;
 0, 0, 0, 1]
Current Frame: 235, BestMatchLKF: 36, SbBoW 0.75 matches: 140, Triangulate: 93
[0.99940479, 0.034127384, -0.0050193667, 0.67403316;
 -0.034422882, 0.99608707, -0.081399135, -0.20519006;
 0.0022217333, 0.081523545, 0.99666893, 0.70963109;
 0, 0, 0, 1]
Current Frame: 236, BestMatchLKF: 36, SbBoW 0.75 matches: 168, Triangulate: 107
[0.9987762, 0.048378512, -0.01026541, 0.68692321;
 -0.048998803, 0.9961462, -0.072743207, -0.22367735;
 0.0067065656, 0.073157191, 0.99729788, 0.69145125;
 0, 0, 0, 1]
Current Frame: 237, BestMatchLKF: 36, SbBoW 0.75 matches: 199
Current Frame: 238, BestMatchLKF: 36, SbBoW 0.75 matches: 230, Triangulate: 127
[0.9989295, 0.043675825, 0.015242487, 0.27830273;
 -0.042841196, 0.99776167, -0.051346794, 0.1335253;
 -0.017451048, 0.05063878, 0.9985646, 0.95116693;
 0, 0, 0, 1]
Current Frame: 239, BestMatchLKF: 36, SbBoW 0.75 matches: 323
Current Frame: 240, BestMatchLKF: 36, SbBoW 0.75 matches: 391
Current Frame: 241, BestMatchLKF: 36, SbBoW 0.75 matches: 355
Current Frame: 242, BestMatchLKF: 36, SbBoW 0.75 matches: 215
Current Frame: 243, BestMatchLKF: 36, SbBoW 0.75 matches: 219, Triangulate: 162
[0.99929243, -0.0043878853, 0.037353128, -0.61224097;
 0.0050167143, 0.99984694, -0.0167602, 0.78366804;
 -0.037273921, 0.016935878, 0.99916154, -0.10500176;
 0, 0, 0, 1]
Current Frame: 244, BestMatchLKF: 36, SbBoW 0.75 matches: 245, Triangulate: 154
[0.99978149, 0.0091697574, 0.018791184, -0.5214411;
 -0.0087870955, 0.99975419, -0.020350471, 0.81394541;
 -0.018973261, 0.020180985, 0.99961615, -0.25610924;
 0, 0, 0, 1]
Current Frame: 245, BestMatchLKF: 36, SbBoW 0.75 matches: 198
Current Frame: 246, BestMatchLKF: 36, SbBoW 0.75 matches: 219
Current Frame: 247, BestMatchLKF: 36, SbBoW 0.75 matches: 206
Current Frame: 248, BestMatchLKF: 36, SbBoW 0.75 matches: 203
Current Frame: 249, BestMatchLKF: 36, SbBoW 0.75 matches: 178
Current Frame: 250, BestMatchLKF: 36, SbBoW 0.75 matches: 170
Current Frame: 251, BestMatchLKF: 36, SbBoW 0.75 matches: 160
Current Frame: 252, BestMatchLKF: 36, SbBoW 0.75 matches: 164, Triangulate: 104
[0.98792988, 0.029924214, -0.15198413, -0.28080097;
 -0.042265922, 0.99600726, -0.078633428, 0.92437595;
 0.1490242, 0.08410804, 0.98525006, 0.25822458;
 0, 0, 0, 1]
Current Frame: 253, BestMatchLKF: 36, SbBoW 0.75 matches: 150
Current Frame: 254, BestMatchLKF: 36, SbBoW 0.75 matches: 144, Triangulate: 102
[0.97335386, 0.066195115, -0.21954595, -0.21020421;
 -0.0853993, 0.99319738, -0.079158247, 0.92399848;
 0.21281251, 0.095798045, 0.97238553, 0.31943858;
 0, 0, 0, 1]
Current Frame: 255, BestMatchLKF: 36, SbBoW 0.75 matches: 134
Current Frame: 256, BestMatchLKF: 69, SbBoW 0.75 matches: 108
Current Frame: 257, BestMatchLKF: 36, SbBoW 0.75 matches: 133
Current Frame: 258, BestMatchLKF: 36, SbBoW 0.75 matches: 119, Triangulate: 66
[0.96164238, 0.095561042, -0.25712234, 0.32276124;
 -0.11605494, 0.99106675, -0.065711468, 0.91763508;
 0.2485459, 0.093031108, 0.96414214, 0.23188591;
 0, 0, 0, 1]
Current Frame: 259, BestMatchLKF: 36, SbBoW 0.75 matches: 132
Current Frame: 260, BestMatchLKF: 69, SbBoW 0.75 matches: 100, Triangulate: 66
[0.99928594, 0.0084455963, -0.036829822, 0.096659966;
 -0.0084579121, 0.9999643, -0.00017385185, -0.1612525;
 0.036827046, 0.00048521161, 0.99932164, -0.98216826;
 0, 0, 0, 1]
Current Frame: 261, BestMatchLKF: 36, SbBoW 0.75 matches: 105
Current Frame: 262, BestMatchLKF: 36, SbBoW 0.75 matches: 108
Current Frame: 263, BestMatchLKF: 36, SbBoW 0.75 matches: 109
Current Frame: 264, BestMatchLKF: 69, SbBoW 0.75 matches: 101, Triangulate: 66
[0.99049371, 0.06420061, -0.12165698, 0.32348213;
 -0.064906552, 0.99788964, -0.0018444508, -0.12671554;
 0.12128191, 0.0097232461, 0.9925704, -0.9377113;
 0, 0, 0, 1]
Current Frame: 265, BestMatchLKF: 69, SbBoW 0.75 matches: 92
Current Frame: 266, BestMatchLKF: 69, SbBoW 0.75 matches: 96
Current Frame: 267, BestMatchLKF: 69, SbBoW 0.75 matches: 103
Current Frame: 268, BestMatchLKF: 69, SbBoW 0.75 matches: 95
Current Frame: 269, BestMatchLKF: 70, SbBoW 0.75 matches: 73
Current Frame: 270, BestMatchLKF: 69, SbBoW 0.75 matches: 97
Current Frame: 271, BestMatchLKF: 69, SbBoW 0.75 matches: 102
Current Frame: 272, BestMatchLKF: 69, SbBoW 0.75 matches: 88
Current Frame: 273, BestMatchLKF: 69, SbBoW 0.75 matches: 94, Triangulate: 56
[0.89449966, 0.10996446, -0.43333369, 0.67005098;
 -0.13675767, 0.99011803, -0.031042844, -0.32926875;
 0.4256379, 0.087029502, 0.90069884, -0.6652922;
 0, 0, 0, 1]
Current Frame: 274, BestMatchLKF: 69, SbBoW 0.75 matches: 92
Current Frame: 275, BestMatchLKF: 69, SbBoW 0.75 matches: 87
Current Frame: 276, BestMatchLKF: 69, SbBoW 0.75 matches: 77
Current Frame: 277, BestMatchLKF: 69, SbBoW 0.75 matches: 79
Current Frame: 278, BestMatchLKF: 69, SbBoW 0.75 matches: 95, Triangulate: 53
[0.84647489, 0.16878027, -0.504969, 0.71748036;
 -0.18440016, 0.98266113, 0.019335061, -0.38173512;
 0.49947667, 0.076749846, 0.862921, -0.58266646;
 0, 0, 0, 1]
Current Frame: 279, BestMatchLKF: 51, SbBoW 0.75 matches: 58
Current Frame: 280, BestMatchLKF: 69, SbBoW 0.75 matches: 62
Current Frame: 281, BestMatchLKF: 51, SbBoW 0.75 matches: 64
Current Frame: 282, BestMatchLKF: 51, SbBoW 0.75 matches: 69
Current Frame: 283, BestMatchLKF: 51, SbBoW 0.75 matches: 54
Current Frame: 284, BestMatchLKF: 51, SbBoW 0.75 matches: 44
Current Frame: 285, BestMatchLKF: 52, SbBoW 0.75 matches: 47
Current Frame: 286, BestMatchLKF: 52, SbBoW 0.75 matches: 59
Current Frame: 287, BestMatchLKF: 52, SbBoW 0.75 matches: 41
Current Frame: 288, BestMatchLKF: 22, SbBoW 0.75 matches: 44
Current Frame: 289, BestMatchLKF: 22, SbBoW 0.75 matches: 47
Current Frame: 290, BestMatchLKF: 24, SbBoW 0.75 matches: 42
Current Frame: 291, BestMatchLKF: 23, SbBoW 0.75 matches: 54
Current Frame: 292, BestMatchLKF: 66, SbBoW 0.75 matches: 12
Current Frame: 293, BestMatchLKF: 24, SbBoW 0.75 matches: 41
Current Frame: 294, BestMatchLKF: 25, SbBoW 0.75 matches: 16
Current Frame: 295, BestMatchLKF: 23, SbBoW 0.75 matches: 47
Current Frame: 296, BestMatchLKF: 22, SbBoW 0.75 matches: 37
Current Frame: 297, BestMatchLKF: 22, SbBoW 0.75 matches: 42
Current Frame: 298, BestMatchLKF: 24, SbBoW 0.75 matches: 29
Current Frame: 299, BestMatchLKF: 24, SbBoW 0.75 matches: 21
Current Frame: 300, BestMatchLKF: 37, SbBoW 0.75 matches: 51
Current Frame: 301, BestMatchLKF: 1, SbBoW 0.75 matches: 8Current Frame: 302, BestMatchLKF: 37, SbBoW 0.75 matches: 34
Current Frame: 303, BestMatchLKF: 76, SbBoW 0.75 matches: 4Current Frame: 304, BestMatchLKF: 51, SbBoW 0.75 matches: 12
Current Frame: 305, BestMatchLKF: 42, SbBoW 0.75 matches: 12
Current Frame: 306, BestMatchLKF: 1, SbBoW 0.75 matches: 8Current Frame: 307, BestMatchLKF: 38, SbBoW 0.75 matches: 13
Current Frame: 308, BestMatchLKF: 61, SbBoW 0.75 matches: 7Current Frame: 309, BestMatchLKF: 37, SbBoW 0.75 matches: 21
Current Frame: 310, BestMatchLKF: 37, SbBoW 0.75 matches: 20
Current Frame: 311, BestMatchLKF: 77, SbBoW 0.75 matches: 10
Current Frame: 312, BestMatchLKF: 20, SbBoW 0.75 matches: 6Current Frame: 313, BestMatchLKF: 41, SbBoW 0.75 matches: 9Current Frame: 314, BestMatchLKF: 44, SbBoW 0.75 matches: 10
Current Frame: 315, BestMatchLKF: 46, SbBoW 0.75 matches: 10
Current Frame: 316, BestMatchLKF: 2, SbBoW 0.75 matches: 9Current Frame: 317, BestMatchLKF: 39, SbBoW 0.75 matches: 7Current Frame: 318, BestMatchLKF: 71, SbBoW 0.75 matches: 5Current Frame: 319, BestMatchLKF: 84, SbBoW 0.75 matches: 6Current Frame: 320, BestMatchLKF: 39, SbBoW 0.75 matches: 10
Current Frame: 321, BestMatchLKF: 86, SbBoW 0.75 matches: 11
Current Frame: 322, BestMatchLKF: 37, SbBoW 0.75 matches: 22
Current Frame: 323, BestMatchLKF: 41, SbBoW 0.75 matches: 12
Current Frame: 324, BestMatchLKF: 65, SbBoW 0.75 matches: 6Current Frame: 325, BestMatchLKF: 38, SbBoW 0.75 matches: 16
Current Frame: 326, BestMatchLKF: 36, SbBoW 0.75 matches: 8Current Frame: 327, BestMatchLKF: 37, SbBoW 0.75 matches: 21
Current Frame: 328, BestMatchLKF: 59, SbBoW 0.75 matches: 7Current Frame: 329, BestMatchLKF: 4, SbBoW 0.75 matches: 3Current Frame: 330, BestMatchLKF: 37, SbBoW 0.75 matches: 25
Current Frame: 331, BestMatchLKF: 37, SbBoW 0.75 matches: 24
Current Frame: 332, BestMatchLKF: 24, SbBoW 0.75 matches: 7Current Frame: 333, BestMatchLKF: 37, SbBoW 0.75 matches: 31
Current Frame: 334, BestMatchLKF: 37, SbBoW 0.75 matches: 32
Current Frame: 335, BestMatchLKF: 22, SbBoW 0.75 matches: 15
Current Frame: 336, BestMatchLKF: 50, SbBoW 0.75 matches: 10
Current Frame: 337, BestMatchLKF: 61, SbBoW 0.75 matches: 7Current Frame: 338, BestMatchLKF: 37, SbBoW 0.75 matches: 15
Current Frame: 339, BestMatchLKF: 66, SbBoW 0.75 matches: 7Current Frame: 340, BestMatchLKF: 47, SbBoW 0.75 matches: 13
Current Frame: 341, BestMatchLKF: 47, SbBoW 0.75 matches: 22
Current Frame: 342, BestMatchLKF: 38, SbBoW 0.75 matches: 15
Current Frame: 343, BestMatchLKF: 43, SbBoW 0.75 matches: 20
Current Frame: 344, BestMatchLKF: 47, SbBoW 0.75 matches: 20
Current Frame: 345, BestMatchLKF: 43, SbBoW 0.75 matches: 16
Current Frame: 346, BestMatchLKF: 55, SbBoW 0.75 matches: 8Current Frame: 347, BestMatchLKF: 47, SbBoW 0.75 matches: 17
Current Frame: 348, BestMatchLKF: 70, SbBoW 0.75 matches: 8Current Frame: 349, BestMatchLKF: 40, SbBoW 0.75 matches: 13
Current Frame: 350, BestMatchLKF: 14, SbBoW 0.75 matches: 5Current Frame: 351, BestMatchLKF: 47, SbBoW 0.75 matches: 12
Current Frame: 352, BestMatchLKF: 36, SbBoW 0.75 matches: 9Current Frame: 353, BestMatchLKF: 35, SbBoW 0.75 matches: 4Current Frame: 354, BestMatchLKF: 47, SbBoW 0.75 matches: 11
Current Frame: 355, BestMatchLKF: 51, SbBoW 0.75 matches: 8Current Frame: 356, BestMatchLKF: 68, SbBoW 0.75 matches: 6Current Frame: 357, BestMatchLKF: 1, SbBoW 0.75 matches: 8Current Frame: 358, BestMatchLKF: 77, SbBoW 0.75 matches: 9Current Frame: 359, BestMatchLKF: 39, SbBoW 0.75 matches: 18
Current Frame: 360, BestMatchLKF: 43, SbBoW 0.75 matches: 13
Current Frame: 361, BestMatchLKF: 41, SbBoW 0.75 matches: 10
Current Frame: 362, BestMatchLKF: 37, SbBoW 0.75 matches: 12
Current Frame: 363, BestMatchLKF: 37, SbBoW 0.75 matches: 15
Current Frame: 364, BestMatchLKF: 79, SbBoW 0.75 matches: 6Current Frame: 365, BestMatchLKF: 37, SbBoW 0.75 matches: 22
Current Frame: 366, BestMatchLKF: 39, SbBoW 0.75 matches: 12
Current Frame: 367, BestMatchLKF: 22, SbBoW 0.75 matches: 17
Current Frame: 368, BestMatchLKF: 47, SbBoW 0.75 matches: 11
Current Frame: 369, BestMatchLKF: 8, SbBoW 0.75 matches: 4Current Frame: 370, BestMatchLKF: 44, SbBoW 0.75 matches: 12
Current Frame: 371, BestMatchLKF: 61, SbBoW 0.75 matches: 5Current Frame: 372, BestMatchLKF: 37, SbBoW 0.75 matches: 16
