Current Frame: 7, desired LKF: 8, SbBoW 0.75 matches: 156
, Triangulate: 115
[0.96622682, 0.25761235, -0.0064345449, 0.96700484;
 -0.25681543, 0.96057868, -0.10646345, 0.23052023;
 -0.021245413, 0.10452032, 0.99429578, 0.10845258;
 0, 0, 0, 1]
Current Frame: 8, desired LKF: 8, SbBoW 0.75 matches: 219
[1, 0, 0, 0;
 0, 1, 0, 0;
 0, 0, 1, 0;
 0, 0, 0, 1]
Current Frame: 9, desired LKF: 8, SbBoW 0.75 matches: 290
[1, 0, 0, 0;
 0, 1, 0, 0;
 0, 0, 1, 0;
 0, 0, 0, 1]
Current Frame: 10, desired LKF: 9, SbBoW 0.75 matches: 158
, Triangulate: 110
[0.9828065, 0.18443179, -0.0087196007, 0.37116754;
 -0.1845948, 0.98046315, -0.067945801, 0.92821664;
 -0.0039821411, 0.068387195, 0.9976508, -0.025464499;
 0, 0, 0, 1]
Current Frame: 11, desired LKF: 9, SbBoW 0.75 matches: 197
[1, 0, 0, 0;
 0, 1, 0, 0;
 0, 0, 1, 0;
 0, 0, 0, 1]
Current Frame: 12, desired LKF: 9, SbBoW 0.75 matches: 285
[1, 0, 0, 0;
 0, 1, 0, 0;
 0, 0, 1, 0;
 0, 0, 0, 1]
Current Frame: 13, desired LKF: 9, SbBoW 0.75 matches: 216
[1, 0, 0, 0;
 0, 1, 0, 0;
 0, 0, 1, 0;
 0, 0, 0, 1]
Current Frame: 14, desired LKF: 9, SbBoW 0.75 matches: 147
, Triangulate: 108
[0.98173332, -0.19020256, 0.0047654174, -0.48312986;
 0.18935972, 0.97920644, 0.072783284, -0.85588902;
 -0.018509924, -0.07055141, 0.99733633, 0.18449788;
 0, 0, 0, 1]
Current Frame: 15, desired LKF: 9, SbBoW 0.75 matches: 112
, Triangulate: 67
[0.95310009, -0.30173886, -0.023537859, -0.29617643;
 0.30258992, 0.94838613, 0.094884112, -0.95055318;
 -0.0063070729, -0.097556323, 0.99521005, -0.093424909;
 0, 0, 0, 1]
Current Frame: 16, desired LKF: 9, SbBoW 0.75 matches: 112
, Triangulate: 74
[0.95912361, -0.28296915, 0.0032286942, -0.53875041;
 0.28077155, 0.95297557, 0.11403893, -0.82794005;
 -0.035346292, -0.10847095, 0.99347115, 0.15576641;
 0, 0, 0, 1]
Current Frame: 17, desired LKF: 9, SbBoW 0.75 matches: 88
[1, 0, 0, 0;
 0, 1, 0, 0;
 0, 0, 1, 0;
 0, 0, 0, 1]
Current Frame: 18, desired LKF: 9, SbBoW 0.75 matches: 82
, Triangulate: 46
[0.9312436, -0.36439747, 0.00017804746, -0.21229517;
 0.36058551, 0.92157209, 0.14381567, -0.9561429;
 -0.052570179, -0.13386321, 0.98960435, 0.20179561;
 0, 0, 0, 1]
Current Frame: 19, desired LKF: 9, SbBoW 0.75 matches: 72
, Triangulate: 34
[0.89859223, -0.43875474, -0.0051275906, -0.17518686;
 0.43266374, 0.88405156, 0.17679009, -0.96284503;
 -0.073034465, -0.16108069, 0.98423529, 0.20552127;
 0, 0, 0, 1]
Current Frame: 20, desired LKF: 9, SbBoW 0.75 matches: 68
[1, 0, 0, 0;
 0, 1, 0, 0;
 0, 0, 1, 0;
 0, 0, 0, 1]
Current Frame: 21, desired LKF: 13, SbBoW 0.75 matches: 241
[1, 0, 0, 0;
 0, 1, 0, 0;
 0, 0, 1, 0;
 0, 0, 0, 1]
Current Frame: 22, desired LKF: 13, SbBoW 0.75 matches: 293
[1, 0, 0, 0;
 0, 1, 0, 0;
 0, 0, 1, 0;
 0, 0, 0, 1]
Current Frame: 23, desired LKF: 13, SbBoW 0.75 matches: 237
[1, 0, 0, 0;
 0, 1, 0, 0;
 0, 0, 1, 0;
 0, 0, 0, 1]
Current Frame: 24, desired LKF: 13, SbBoW 0.75 matches: 211
, Triangulate: 125
[0.99788874, -0.064748101, 0.0050806385, -0.030923137;
 0.06466119, 0.99778265, 0.015760005, -0.94391131;
 -0.0060898643, -0.015398264, 0.99986285, 0.32874775;
 0, 0, 0, 1]
Current Frame: 25, desired LKF: 13, SbBoW 0.75 matches: 204
, Triangulate: 152
[0.99731672, -0.070801854, -0.018617038, -0.075399593;
 0.071118467, 0.99732411, 0.016933218, -0.9726916;
 0.017368229, -0.018211812, 0.99968326, 0.21951294;
 0, 0, 0, 1]
Current Frame: 26, desired LKF: 13, SbBoW 0.75 matches: 179
, Triangulate: 139
[0.99949712, -0.01564458, -0.02757518, -0.40395525;
 0.017092496, 0.99844384, 0.053082287, -0.85523134;
 0.026701882, -0.053526998, 0.9982093, 0.32465291;
 0, 0, 0, 1]
Current Frame: 27, desired LKF: 13, SbBoW 0.75 matches: 171
, Triangulate: 128
[0.99960852, -0.023503304, -0.015182085, -0.42626831;
 0.024193019, 0.99860346, 0.046966791, -0.83267027;
 0.014056981, -0.047315642, 0.9987812, 0.35349044;
 0, 0, 0, 1]
Current Frame: 28, desired LKF: 13, SbBoW 0.75 matches: 173
[1, 0, 0, 0;
 0, 1, 0, 0;
 0, 0, 1, 0;
 0, 0, 0, 1]
Current Frame: 29, desired LKF: 13, SbBoW 0.75 matches: 164
, Triangulate: 115
[0.99923545, -0.037507653, -0.011030674, -0.25011703;
 0.037783846, 0.99894774, 0.025996298, -0.92416114;
 0.010044001, -0.02639319, 0.99960113, 0.28873456;
 0, 0, 0, 1]
Current Frame: 30, desired LKF: 13, SbBoW 0.75 matches: 164
, Triangulate: 78
[0.99943149, -0.033236086, 0.0056638941, -0.35199881;
 0.033202618, 0.99943119, 0.005909726, -0.89402717;
 -0.0058571398, -0.0057182759, 0.99996644, 0.27715021;
 0, 0, 0, 1]
Current Frame: 31, desired LKF: 13, SbBoW 0.75 matches: 178
[1, 0, 0, 0;
 0, 1, 0, 0;
 0, 0, 1, 0;
 0, 0, 0, 1]
Current Frame: 32, desired LKF: 13, SbBoW 0.75 matches: 170
, Triangulate: 136
[0.99846327, -0.048588425, 0.026656941, -0.59600705;
 0.048424751, 0.99880397, 0.006756559, -0.77616835;
 -0.026953414, -0.00545533, 0.99962187, 0.20576255;
 0, 0, 0, 1]
Current Frame: 33, desired LKF: 13, SbBoW 0.75 matches: 130
, Triangulate: 89
[0.98725367, -0.15441725, 0.038543351, -0.47117066;
 0.15162033, 0.98615038, 0.067219839, -0.85448331;
 -0.048389554, -0.06051895, 0.99699342, 0.21876127;
 0, 0, 0, 1]
Current Frame: 34, desired LKF: 13, SbBoW 0.75 matches: 120
, Triangulate: 82
[0.98339361, -0.18148458, 0.00039538555, -0.55858165;
 0.18054432, 0.97851539, 0.099556841, -0.81928986;
 -0.018454924, -0.097832195, 0.99503177, 0.12942401;
 0, 0, 0, 1]
Current Frame: 35, desired LKF: 13, SbBoW 0.75 matches: 128
[1, 0, 0, 0;
 0, 1, 0, 0;
 0, 0, 1, 0;
 0, 0, 0, 1]
Current Frame: 36, desired LKF: 13, SbBoW 0.75 matches: 122
, Triangulate: 43
[0.98490548, -0.17199749, -0.019443348, -0.6385138;
 0.17308855, 0.9778325, 0.11782975, -0.76299459;
 -0.0012540519, -0.11941662, 0.99284333, 0.10069416;
 0, 0, 0, 1]
Current Frame: 37, desired LKF: 13, SbBoW 0.75 matches: 126
[1, 0, 0, 0;
 0, 1, 0, 0;
 0, 0, 1, 0;
 0, 0, 0, 1]
Current Frame: 38, desired LKF: 13, SbBoW 0.75 matches: 120
[1, 0, 0, 0;
 0, 1, 0, 0;
 0, 0, 1, 0;
 0, 0, 0, 1]
Current Frame: 39, desired LKF: 13, SbBoW 0.75 matches: 120
, Triangulate: 81
[0.97173357, -0.23524071, -0.019893512, -0.38474393;
 0.2360792, 0.96799827, 0.085122913, -0.71405286;
 -0.00076749921, -0.087413192, 0.99617189, -0.58489364;
 0, 0, 0, 1]
Current Frame: 40, desired LKF: 13, SbBoW 0.75 matches: 117
, Triangulate: 74
[0.9668209, -0.25208962, -0.041332841, -0.30152047;
 0.25465998, 0.96387017, 0.078121394, -0.64488065;
 0.020145833, -0.086055309, 0.99608672, -0.70229214;
 0, 0, 0, 1]
Current Frame: 41, desired LKF: 13, SbBoW 0.75 matches: 109
[1, 0, 0, 0;
 0, 1, 0, 0;
 0, 0, 1, 0;
 0, 0, 0, 1]
Current Frame: 42, desired LKF: 13, SbBoW 0.75 matches: 106
[1, 0, 0, 0;
 0, 1, 0, 0;
 0, 0, 1, 0;
 0, 0, 0, 1]
Current Frame: 43, desired LKF: 13, SbBoW 0.75 matches: 101
[1, 0, 0, 0;
 0, 1, 0, 0;
 0, 0, 1, 0;
 0, 0, 0, 1]
Current Frame: 44, desired LKF: 13, SbBoW 0.75 matches: 111
[1, 0, 0, 0;
 0, 1, 0, 0;
 0, 0, 1, 0;
 0, 0, 0, 1]
Current Frame: 45, desired LKF: 13, SbBoW 0.75 matches: 84
[1, 0, 0, 0;
 0, 1, 0, 0;
 0, 0, 1, 0;
 0, 0, 0, 1]
Current Frame: 46, desired LKF: 13, SbBoW 0.75 matches: 86
, Triangulate: 50
[0.96241969, -0.2715635, -0.0012532473, -0.49959251;
 0.27053198, 0.95834094, 0.091624618, -0.22700286;
 -0.023680776, -0.088520303, 0.99579287, -0.83598864;
 0, 0, 0, 1]
Current Frame: 47, desired LKF: 13, SbBoW 0.75 matches: 63
[1, 0, 0, 0;
 0, 1, 0, 0;
 0, 0, 1, 0;
 0, 0, 0, 1]
Current Frame: 48, desired LKF: 13, SbBoW 0.75 matches: 63
[1, 0, 0, 0;
 0, 1, 0, 0;
 0, 0, 1, 0;
 0, 0, 0, 1]
Current Frame: 49, desired LKF: 13, SbBoW 0.75 matches: 61
[1, 0, 0, 0;
 0, 1, 0, 0;
 0, 0, 1, 0;
 0, 0, 0, 1]
Current Frame: 50, desired LKF: 19, SbBoW 0.75 matches: 163
, Triangulate: 112
[0.99478793, 0.10022718, -0.018747777, 0.72110331;
 -0.10159174, 0.98997265, -0.098149642, 0.084847227;
 0.0087225437, 0.099542722, 0.99499518, 0.68761247;
 0, 0, 0, 1]
Current Frame: 51, desired LKF: 19, SbBoW 0.75 matches: 195
[1, 0, 0, 0;
 0, 1, 0, 0;
 0, 0, 1, 0;
 0, 0, 0, 1]
Current Frame: 52, desired LKF: 19, SbBoW 0.75 matches: 174
, Triangulate: 135
[0.99446028, 0.10507308, 0.0028805733, 0.68891275;
 -0.10428889, 0.9897213, -0.097855538, 0.050899882;
 -0.01313293, 0.097012922, 0.9951964, 0.72305489;
 0, 0, 0, 1]
Current Frame: 53, desired LKF: 19, SbBoW 0.75 matches: 201
, Triangulate: 144
[0.99457425, 0.10402098, 0.0012308359, 0.80883962;
 -0.10355045, 0.99106926, -0.084017426, 0.037644543;
 -0.0099594593, 0.083434194, 0.99646342, 0.58682311;
 0, 0, 0, 1]
Current Frame: 54, desired LKF: 19, SbBoW 0.75 matches: 221
, Triangulate: 149
[0.99499851, 0.099649817, 0.0069208145, 0.74511725;
 -0.098679215, 0.9913314, -0.08674328, -0.095270969;
 -0.015504777, 0.08562649, 0.99620664, 0.66009372;
 0, 0, 0, 1]
Current Frame: 55, desired LKF: 19, SbBoW 0.75 matches: 230
[1, 0, 0, 0;
 0, 1, 0, 0;
 0, 0, 1, 0;
 0, 0, 0, 1]
Current Frame: 56, desired LKF: 19, SbBoW 0.75 matches: 252
, Triangulate: 186
[0.99597853, 0.089568555, 0.0020964742, 0.19242971;
 -0.08937104, 0.99488437, -0.047094747, -0.057615034;
 -0.0063039958, 0.046717986, 0.99888819, 0.97961795;
 0, 0, 0, 1]
Current Frame: 57, desired LKF: 19, SbBoW 0.75 matches: 311
[1, 0, 0, 0;
 0, 1, 0, 0;
 0, 0, 1, 0;
 0, 0, 0, 1]
Current Frame: 58, desired LKF: 19, SbBoW 0.75 matches: 254
[1, 0, 0, 0;
 0, 1, 0, 0;
 0, 0, 1, 0;
 0, 0, 0, 1]
Current Frame: 59, desired LKF: 19, SbBoW 0.75 matches: 194
, Triangulate: 152
[0.98438597, -0.17535152, 0.015362561, -0.71551114;
 0.17455775, 0.98370397, 0.043082308, 0.057197209;
 -0.022666812, -0.039728023, 0.99895346, -0.69625592;
 0, 0, 0, 1]
Current Frame: 60, desired LKF: 19, SbBoW 0.75 matches: 162
, Triangulate: 125
[0.97754252, -0.21058123, 0.0081299841, -0.7612409;
 0.20973583, 0.97592705, 0.059810027, 0.33945844;
 -0.020529181, -0.056761712, 0.99817669, -0.55252177;
 0, 0, 0, 1]
Current Frame: 61, desired LKF: 19, SbBoW 0.75 matches: 182
, Triangulate: 148
[0.97356182, -0.22840542, 0.0028911233, -0.80763751;
 0.22781286, 0.97180563, 0.060787592, 0.10258098;
 -0.016693741, -0.058521926, 0.99814647, -0.58068824;
 0, 0, 0, 1]
Current Frame: 62, desired LKF: 19, SbBoW 0.75 matches: 162
, Triangulate: 139
[0.97442055, -0.22472514, 0.0017963648, -0.74845493;
 0.22405705, 0.97208059, 0.069701061, 0.21990122;
 -0.017409831, -0.067515582, 0.99756622, -0.62566662;
 0, 0, 0, 1]
Current Frame: 63, desired LKF: 19, SbBoW 0.75 matches: 161
, Triangulate: 129
[0.97443187, -0.22460546, 0.0058987141, -0.7880699;
 0.22365233, 0.97213972, 0.070170581, 0.28466609;
 -0.021495163, -0.067057207, 0.99751759, -0.54581219;
 0, 0, 0, 1]
Current Frame: 64, desired LKF: 19, SbBoW 0.75 matches: 162
, Triangulate: 124
[0.97168815, -0.23624355, -0.003346771, -0.7654382;
 0.23614006, 0.97060251, 0.046566784, 0.2766802;
 -0.0077527761, -0.046038643, 0.99890959, -0.58099258;
 0, 0, 0, 1]
Current Frame: 65, desired LKF: 19, SbBoW 0.75 matches: 156
, Triangulate: 125
[0.96791309, -0.25128037, -0.0015734732, -0.77580434;
 0.25103801, 0.96666431, 0.050398439, 0.38365456;
 -0.011143178, -0.04917638, 0.99872804, -0.50093585;
 0, 0, 0, 1]
Current Frame: 66, desired LKF: 19, SbBoW 0.75 matches: 167
, Triangulate: 131
[0.95799494, -0.28628108, -0.016993612, -0.77954036;
 0.28678402, 0.95647144, 0.054012641, 0.52184427;
 0.00079108775, -0.05661726, 0.99839568, -0.34640351;
 0, 0, 0, 1]
Current Frame: 67, desired LKF: 19, SbBoW 0.75 matches: 141
, Triangulate: 109
[0.94285643, -0.33192819, -0.029079437, -0.85317051;
 0.33313942, 0.94074702, 0.063350514, 0.48257282;
 0.006328553, -0.069417968, 0.99756771, -0.19804944;
 0, 0, 0, 1]
Current Frame: 68, desired LKF: 19, SbBoW 0.75 matches: 115
, Triangulate: 78
[0.92335111, -0.38299906, -0.02710095, -0.9594326;
 0.38395238, 0.92070514, 0.06987562, 0.27382851;
 -0.0018102974, -0.07492514, 0.99718767, 0.067134738;
 0, 0, 0, 1]
Current Frame: 69, desired LKF: 19, SbBoW 0.75 matches: 134
, Triangulate: 105
[0.90762198, -0.41613692, -0.055247515, -0.9488216;
 0.41957515, 0.90346533, 0.0877911, 0.31576511;
 0.013381091, -0.10286157, 0.99460572, 0.0054667206;
 0, 0, 0, 1]
Current Frame: 70, desired LKF: 19, SbBoW 0.75 matches: 141
, Triangulate: 110
[0.90140539, -0.42942598, -0.055331916, -0.96412307;
 0.43286437, 0.8966856, 0.092646644, 0.24472512;
 0.0098304227, -0.10746337, 0.99416035, 0.10284146;
 0, 0, 0, 1]
Current Frame: 71, desired LKF: 19, SbBoW 0.75 matches: 128
, Triangulate: 64
[0.8959161, -0.43770817, -0.075799942, -0.97356433;
 0.44336826, 0.89165872, 0.091483757, 0.22835921;
 0.027544297, -0.11556893, 0.99291748, 0.0049502361;
 0, 0, 0, 1]
Current Frame: 72, desired LKF: 19, SbBoW 0.75 matches: 127
, Triangulate: 102
[0.89408273, -0.44519871, -0.049132973, -0.95532888;
 0.44789821, 0.88824093, 0.10205548, 0.16720068;
 -0.0017930567, -0.11325267, 0.99356461, 0.24370188;
 0, 0, 0, 1]
Current Frame: 73, desired LKF: 19, SbBoW 0.75 matches: 133
, Triangulate: 98
[0.89316428, -0.44570714, -0.06002374, -0.97589946;
 0.44964331, 0.88763249, 0.099645332, 0.12721515;
 0.0088663697, -0.11598889, 0.99321103, 0.17730354;
 0, 0, 0, 1]
Current Frame: 74, desired LKF: 19, SbBoW 0.75 matches: 121
, Triangulate: 78
[0.90299213, -0.42640156, -0.052791879, -0.98313576;
 0.42960554, 0.89794528, 0.095568933, 0.10932469;
 0.0066533759, -0.10897756, 0.99402195, 0.14660221;
 0, 0, 0, 1]
Current Frame: 75, desired LKF: 19, SbBoW 0.75 matches: 123
, Triangulate: 100
[0.91435081, -0.40082169, -0.057483621, -0.98741102;
 0.40458831, 0.91011113, 0.0894759, 0.14019704;
 0.016452596, -0.10506959, 0.99432862, 0.073240377;
 0, 0, 0, 1]
Current Frame: 76, desired LKF: 19, SbBoW 0.75 matches: 106
, Triangulate: 70
[0.91948766, -0.38422284, -0.083157822, -0.99302924;
 0.39152974, 0.9140479, 0.10592831, 0.10813691;
 0.035310175, -0.1299585, 0.99089044, -0.046896923;
 0, 0, 0, 1]
Current Frame: 77, desired LKF: 19, SbBoW 0.75 matches: 107
, Triangulate: 84
[0.91549623, -0.39672464, -0.066904083, -0.99923277;
 0.40160981, 0.91106254, 0.093137443, -0.027609404;
 0.024003942, -0.11213639, 0.99340278, -0.027777087;
 0, 0, 0, 1]
Current Frame: 78, desired LKF: 19, SbBoW 0.75 matches: 103
, Triangulate: 79
[0.92380798, -0.37861189, -0.056850098, -0.99135029;
 0.38261667, 0.91824716, 0.10211117, 0.055494934;
 0.013541915, -0.11608283, 0.99314725, -0.11893248;
 0, 0, 0, 1]
Current Frame: 79, desired LKF: 19, SbBoW 0.75 matches: 109
, Triangulate: 88
[0.91327631, -0.40558249, -0.037805945, -0.98258346;
 0.40726304, 0.90735114, 0.10416564, -0.14918168;
 -0.0079446733, -0.11052903, 0.99384105, -0.11079042;
 0, 0, 0, 1]
Current Frame: 80, desired LKF: 19, SbBoW 0.75 matches: 91
, Triangulate: 82
[0.92523193, -0.37752062, -0.037735365, -0.99158186;
 0.37926644, 0.91765779, 0.11857966, 0.017731421;
 -0.010138161, -0.12402559, 0.9922272, -0.12826142;
 0, 0, 0, 1]
Current Frame: 81, desired LKF: 19, SbBoW 0.75 matches: 107
, Triangulate: 91
[0.91948432, -0.39118823, -0.038993657, -0.98830038;
 0.39297217, 0.91180801, 0.1190762, -0.070476897;
 -0.011026472, -0.1248122, 0.99211901, -0.13526022;
 0, 0, 0, 1]
Current Frame: 82, desired LKF: 19, SbBoW 0.75 matches: 107
, Triangulate: 87
[0.91585022, -0.400507, -0.028503187, -0.98142856;
 0.40045547, 0.90595186, 0.13742839, -0.1369089;
 -0.029218495, -0.13727804, 0.99010158, -0.13436483;
 0, 0, 0, 1]
Current Frame: 83, desired LKF: 19, SbBoW 0.75 matches: 96
, Triangulate: 84
[0.91433406, -0.40398961, -0.028028876, -0.9793244;
 0.40332162, 0.902228, 0.15269642, -0.15608948;
 -0.03639929, -0.15092018, 0.98787558, -0.1286848;
 0, 0, 0, 1]
Current Frame: 84, desired LKF: 19, SbBoW 0.75 matches: 99
, Triangulate: 79
[0.90783685, -0.41912359, -0.012943842, -0.97846764;
 0.41429976, 0.89176941, 0.1819427, -0.18844087;
 -0.064713545, -0.17053697, 0.98322386, -0.084208503;
 0, 0, 0, 1]
Current Frame: 85, desired LKF: 19, SbBoW 0.75 matches: 86
, Triangulate: 57
[0.90011662, -0.43387985, -0.039219022, -0.96704578;
 0.43280277, 0.88033193, 0.19415845, -0.16824657;
 -0.049715713, -0.19173929, 0.98018599, -0.19109039;
 0, 0, 0, 1]
Current Frame: 86, desired LKF: 19, SbBoW 0.75 matches: 76
, Triangulate: 58
[0.88444936, -0.46397439, -0.049771711, -0.97011828;
 0.46353126, 0.86126816, 0.20822105, -0.19570677;
 -0.053742439, -0.20723167, 0.97681457, -0.14342032;
 0, 0, 0, 1]
Current Frame: 87, desired LKF: 19, SbBoW 0.75 matches: 76
, Triangulate: 56
[0.87134826, -0.4859513, -0.067849949, -0.96522784;
 0.48865712, 0.84694785, 0.20950764, -0.19581038;
 -0.04434514, -0.21570951, 0.9754501, -0.17318626;
 0, 0, 0, 1]
Current Frame: 88, desired LKF: 19, SbBoW 0.75 matches: 65
, Triangulate: 51
[0.85638118, -0.51167572, -0.069275372, -0.9709214;
 0.51544631, 0.83925551, 0.17310527, -0.18274365;
 -0.030434072, -0.18395193, 0.98246396, -0.15464917;
 0, 0, 0, 1]
Current Frame: 89, desired LKF: 25, SbBoW 0.75 matches: 26
[1, 0, 0, 0;
 0, 1, 0, 0;
 0, 0, 1, 0;
 0, 0, 0, 1]
Current Frame: 90, desired LKF: 25, SbBoW 0.75 matches: 30
[1, 0, 0, 0;
 0, 1, 0, 0;
 0, 0, 1, 0;
 0, 0, 0, 1]
Current Frame: 91, desired LKF: 25, SbBoW 0.75 matches: 33
[1, 0, 0, 0;
 0, 1, 0, 0;
 0, 0, 1, 0;
 0, 0, 0, 1]
Current Frame: 92, desired LKF: 25, SbBoW 0.75 matches: 38
[1, 0, 0, 0;
 0, 1, 0, 0;
 0, 0, 1, 0;
 0, 0, 0, 1]
Current Frame: 93, desired LKF: 25, SbBoW 0.75 matches: 27
[1, 0, 0, 0;
 0, 1, 0, 0;
 0, 0, 1, 0;
 0, 0, 0, 1]
Current Frame: 94, desired LKF: 25, SbBoW 0.75 matches: 46
[1, 0, 0, 0;
 0, 1, 0, 0;
 0, 0, 1, 0;
 0, 0, 0, 1]
Current Frame: 95, desired LKF: 25, SbBoW 0.75 matches: 58
[1, 0, 0, 0;
 0, 1, 0, 0;
 0, 0, 1, 0;
 0, 0, 0, 1]
Current Frame: 96, desired LKF: 25, SbBoW 0.75 matches: 62
[1, 0, 0, 0;
 0, 1, 0, 0;
 0, 0, 1, 0;
 0, 0, 0, 1]
Current Frame: 97, desired LKF: 25, SbBoW 0.75 matches: 85
[1, 0, 0, 0;
 0, 1, 0, 0;
 0, 0, 1, 0;
 0, 0, 0, 1]
Current Frame: 98, desired LKF: 25, SbBoW 0.75 matches: 76
[1, 0, 0, 0;
 0, 1, 0, 0;
 0, 0, 1, 0;
 0, 0, 0, 1]
Current Frame: 99, desired LKF: 25, SbBoW 0.75 matches: 74
, Triangulate: 57
[0.73914623, -0.66690141, -0.094366938, 0.66785687;
 0.67137277, 0.71825325, 0.18267654, -0.30093399;
 -0.054047853, -0.19838008, 0.97863376, 0.68073928;
 0, 0, 0, 1]
Current Frame: 100, desired LKF: 25, SbBoW 0.75 matches: 95
[1, 0, 0, 0;
 0, 1, 0, 0;
 0, 0, 1, 0;
 0, 0, 0, 1]
Current Frame: 101, desired LKF: 25, SbBoW 0.75 matches: 95
[1, 0, 0, 0;
 0, 1, 0, 0;
 0, 0, 1, 0;
 0, 0, 0, 1]
Current Frame: 102, desired LKF: 25, SbBoW 0.75 matches: 107
[1, 0, 0, 0;
 0, 1, 0, 0;
 0, 0, 1, 0;
 0, 0, 0, 1]
Current Frame: 103, desired LKF: 25, SbBoW 0.75 matches: 118
[1, 0, 0, 0;
 0, 1, 0, 0;
 0, 0, 1, 0;
 0, 0, 0, 1]
Current Frame: 104, desired LKF: 25, SbBoW 0.75 matches: 125
, Triangulate: 54
[0.82992303, -0.55502796, -0.056317627, 0.6926502;
 0.55458939, 0.80987132, 0.19115189, -0.34723896;
 -0.060484618, -0.18987474, 0.97994351, 0.63218725;
 0, 0, 0, 1]
Current Frame: 105, desired LKF: 25, SbBoW 0.75 matches: 119
[1, 0, 0, 0;
 0, 1, 0, 0;
 0, 0, 1, 0;
 0, 0, 0, 1]
Current Frame: 106, desired LKF: 25, SbBoW 0.75 matches: 127
[1, 0, 0, 0;
 0, 1, 0, 0;
 0, 0, 1, 0;
 0, 0, 0, 1]
Current Frame: 107, desired LKF: 25, SbBoW 0.75 matches: 159
, Triangulate: 67
[0.88063741, -0.47036248, -0.056894034, 0.66556627;
 0.4728815, 0.86515045, 0.16702679, -0.59278733;
 -0.029341206, -0.17399418, 0.98430949, 0.45345858;
 0, 0, 0, 1]
Current Frame: 108, desired LKF: 25, SbBoW 0.75 matches: 146
[1, 0, 0, 0;
 0, 1, 0, 0;
 0, 0, 1, 0;
 0, 0, 0, 1]
Current Frame: 109, desired LKF: 25, SbBoW 0.75 matches: 180
, Triangulate: 112
[0.91419506, -0.40509018, -0.01221922, 0.73055542;
 0.40183783, 0.90211225, 0.15722533, -0.55519271;
 -0.05266729, -0.14864469, 0.98748726, 0.39755487;
 0, 0, 0, 1]
Current Frame: 110, desired LKF: 25, SbBoW 0.75 matches: 180
, Triangulate: 137
[0.91062248, -0.413239, -0.00054010749, 0.53223789;
 0.40878081, 0.90060556, 0.14767522, -0.710922;
 -0.060538791, -0.13469729, 0.98903567, 0.45968759;
 0, 0, 0, 1]
Current Frame: 111, desired LKF: 25, SbBoW 0.75 matches: 173
, Triangulate: 156
[0.93793267, -0.34603336, -0.023301937, 0.54859823;
 0.34614533, 0.92982095, 0.12496421, -0.80197263;
 -0.02157519, -0.12527388, 0.99188751, 0.23638958;
 0, 0, 0, 1]
Current Frame: 112, desired LKF: 25, SbBoW 0.75 matches: 206
, Triangulate: 107
[0.95103651, -0.30876955, -0.01381819, 0.57447201;
 0.30833766, 0.94471455, 0.11154535, -0.80252618;
 -0.021387558, -0.11034438, 0.99366331, 0.16103905;
 0, 0, 0, 1]
Current Frame: 113, desired LKF: 25, SbBoW 0.75 matches: 208
, Triangulate: 95
[0.97653568, -0.21463312, -0.017620144, -0.063228019;
 0.21535057, 0.9737767, 0.07336843, -0.90697867;
 0.0014108419, -0.07544139, 0.99714923, -0.41640356;
 0, 0, 0, 1]
Current Frame: 114, desired LKF: 25, SbBoW 0.75 matches: 263
, Triangulate: 181
[0.99504298, -0.094981804, 0.029456984, 0.31143248;
 0.093876287, 0.99490029, 0.036885761, -0.94523066;
 -0.032810215, -0.033937611, 0.99888521, -0.097717851;
 0, 0, 0, 1]
Current Frame: 115, desired LKF: 25, SbBoW 0.75 matches: 282
[1, 0, 0, 0;
 0, 1, 0, 0;
 0, 0, 1, 0;
 0, 0, 0, 1]
Current Frame: 116, desired LKF: 26, SbBoW 0.75 matches: 168
, Triangulate: 71
[0.95408064, -0.29941794, -0.0088957548, 0.40526515;
 0.29842198, 0.94749355, 0.1148921, -0.67647099;
 -0.025972061, -0.11227098, 0.99333811, -0.61493671;
 0, 0, 0, 1]
Current Frame: 117, desired LKF: 26, SbBoW 0.75 matches: 211
, Triangulate: 156
[0.97460401, -0.22341011, -0.015332989, -0.089532666;
 0.22392233, 0.97151411, 0.077582181, -0.70379692;
 -0.0024363101, -0.079045326, 0.99686813, -0.70473671;
 0, 0, 0, 1]
Current Frame: 118, desired LKF: 26, SbBoW 0.75 matches: 254
, Triangulate: 210
[0.98911709, -0.14627428, -0.015854895, 0.16913992;
 0.14682703, 0.9882493, 0.042486548, -0.68391222;
 0.009453807, -0.044352353, 0.99897122, -0.70968705;
 0, 0, 0, 1]
Current Frame: 119, desired LKF: 26, SbBoW 0.75 matches: 320
[1, 0, 0, 0;
 0, 1, 0, 0;
 0, 0, 1, 0;
 0, 0, 0, 1]
Current Frame: 120, desired LKF: 27, SbBoW 0.75 matches: 105
[1, 0, 0, 0;
 0, 1, 0, 0;
 0, 0, 1, 0;
 0, 0, 0, 1]
Current Frame: 121, desired LKF: 27, SbBoW 0.75 matches: 107
, Triangulate: 56
[0.95334524, -0.29657507, 0.056353897, -0.29028615;
 0.29140002, 0.95283145, 0.084842712, -0.45106608;
 -0.078857899, -0.06446287, 0.99479949, -0.84396291;
 0, 0, 0, 1]
Current Frame: 122, desired LKF: 27, SbBoW 0.75 matches: 121
, Triangulate: 49
[0.95995474, -0.27868626, 0.028648615, -0.48702002;
 0.27673545, 0.95919538, 0.057980269, -0.43727672;
 -0.043637931, -0.047730356, 0.99790663, -0.75604266;
 0, 0, 0, 1]
Current Frame: 123, desired LKF: 27, SbBoW 0.75 matches: 113
, Triangulate: 78
[0.97245562, -0.23071495, 0.033176363, -0.32451025;
 0.22842667, 0.97162813, 0.061320007, -0.28178373;
 -0.046382517, -0.052052587, 0.9975667, -0.90293467;
 0, 0, 0, 1]
Current Frame: 124, desired LKF: 27, SbBoW 0.75 matches: 134
, Triangulate: 105
[0.98132849, -0.18892592, 0.036073744, -0.41068655;
 0.18827581, 0.98189861, 0.020670995, -0.25773323;
 -0.039326042, -0.013493225, 0.99913526, -0.87459141;
 0, 0, 0, 1]
Current Frame: 125, desired LKF: 27, SbBoW 0.75 matches: 136
[1, 0, 0, 0;
 0, 1, 0, 0;
 0, 0, 1, 0;
 0, 0, 0, 1]
Current Frame: 126, desired LKF: 27, SbBoW 0.75 matches: 156
[1, 0, 0, 0;
 0, 1, 0, 0;
 0, 0, 1, 0;
 0, 0, 0, 1]
Current Frame: 127, desired LKF: 27, SbBoW 0.75 matches: 206
[1, 0, 0, 0;
 0, 1, 0, 0;
 0, 0, 1, 0;
 0, 0, 0, 1]
Current Frame: 128, desired LKF: 27, SbBoW 0.75 matches: 281
[1, 0, 0, 0;
 0, 1, 0, 0;
 0, 0, 1, 0;
 0, 0, 0, 1]
Current Frame: 129, desired LKF: 27, SbBoW 0.75 matches: 253
[1, 0, 0, 0;
 0, 1, 0, 0;
 0, 0, 1, 0;
 0, 0, 0, 1]
Current Frame: 130, desired LKF: 27, SbBoW 0.75 matches: 212
[1, 0, 0, 0;
 0, 1, 0, 0;
 0, 0, 1, 0;
 0, 0, 0, 1]
Current Frame: 131, desired LKF: 27, SbBoW 0.75 matches: 187
[1, 0, 0, 0;
 0, 1, 0, 0;
 0, 0, 1, 0;
 0, 0, 0, 1]
Current Frame: 132, desired LKF: 27, SbBoW 0.75 matches: 165
[1, 0, 0, 0;
 0, 1, 0, 0;
 0, 0, 1, 0;
 0, 0, 0, 1]
Current Frame: 133, desired LKF: 27, SbBoW 0.75 matches: 164
, Triangulate: 93
[0.99121141, 0.13108599, 0.017778795, 0.57111537;
 -0.12893236, 0.98738819, -0.091874711, 0.80493283;
 -0.029598087, 0.088774964, 0.99561197, 0.16096681;
 0, 0, 0, 1]
Current Frame: 134, desired LKF: 27, SbBoW 0.75 matches: 147
, Triangulate: 89
[0.9880296, 0.1537452, 0.012646772, 0.41472441;
 -0.15198722, 0.98420149, -0.090813965, 0.87189847;
 -0.026409134, 0.08780475, 0.9957875, 0.26037809;
 0, 0, 0, 1]
Current Frame: 135, desired LKF: 27, SbBoW 0.75 matches: 149
[1, 0, 0, 0;
 0, 1, 0, 0;
 0, 0, 1, 0;
 0, 0, 0, 1]
Current Frame: 136, desired LKF: 27, SbBoW 0.75 matches: 139
[1, 0, 0, 0;
 0, 1, 0, 0;
 0, 0, 1, 0;
 0, 0, 0, 1]
Current Frame: 137, desired LKF: 27, SbBoW 0.75 matches: 146
[1, 0, 0, 0;
 0, 1, 0, 0;
 0, 0, 1, 0;
 0, 0, 0, 1]
Current Frame: 138, desired LKF: 27, SbBoW 0.75 matches: 109
[1, 0, 0, 0;
 0, 1, 0, 0;
 0, 0, 1, 0;
 0, 0, 0, 1]
Current Frame: 139, desired LKF: 27, SbBoW 0.75 matches: 135
[1, 0, 0, 0;
 0, 1, 0, 0;
 0, 0, 1, 0;
 0, 0, 0, 1]
Current Frame: 140, desired LKF: 27, SbBoW 0.75 matches: 109
[1, 0, 0, 0;
 0, 1, 0, 0;
 0, 0, 1, 0;
 0, 0, 0, 1]
Current Frame: 141, desired LKF: 27, SbBoW 0.75 matches: 111
[1, 0, 0, 0;
 0, 1, 0, 0;
 0, 0, 1, 0;
 0, 0, 0, 1]
Current Frame: 142, desired LKF: 27, SbBoW 0.75 matches: 95
[1, 0, 0, 0;
 0, 1, 0, 0;
 0, 0, 1, 0;
 0, 0, 0, 1]
Current Frame: 143, desired LKF: 27, SbBoW 0.75 matches: 72
[1, 0, 0, 0;
 0, 1, 0, 0;
 0, 0, 1, 0;
 0, 0, 0, 1]
Current Frame: 144, desired LKF: 27, SbBoW 0.75 matches: 90
[1, 0, 0, 0;
 0, 1, 0, 0;
 0, 0, 1, 0;
 0, 0, 0, 1]
Current Frame: 145, desired LKF: 27, SbBoW 0.75 matches: 81
[1, 0, 0, 0;
 0, 1, 0, 0;
 0, 0, 1, 0;
 0, 0, 0, 1]
Current Frame: 146, desired LKF: 27, SbBoW 0.75 matches: 70
[1, 0, 0, 0;
 0, 1, 0, 0;
 0, 0, 1, 0;
 0, 0, 0, 1]
Current Frame: 147, desired LKF: 27, SbBoW 0.75 matches: 62
[1, 0, 0, 0;
 0, 1, 0, 0;
 0, 0, 1, 0;
 0, 0, 0, 1]
Current Frame: 148, desired LKF: 27, SbBoW 0.75 matches: 77
[1, 0, 0, 0;
 0, 1, 0, 0;
 0, 0, 1, 0;
 0, 0, 0, 1]
Current Frame: 149, desired LKF: 27, SbBoW 0.75 matches: 49
[1, 0, 0, 0;
 0, 1, 0, 0;
 0, 0, 1, 0;
 0, 0, 0, 1]
Current Frame: 150, desired LKF: 27, SbBoW 0.75 matches: 55
[1, 0, 0, 0;
 0, 1, 0, 0;
 0, 0, 1, 0;
 0, 0, 0, 1]
Current Frame: 151, desired LKF: 27, SbBoW 0.75 matches: 39
[1, 0, 0, 0;
 0, 1, 0, 0;
 0, 0, 1, 0;
 0, 0, 0, 1]
Current Frame: 152, desired LKF: 27, SbBoW 0.75 matches: 35
[1, 0, 0, 0;
 0, 1, 0, 0;
 0, 0, 1, 0;
 0, 0, 0, 1]
Current Frame: 153, desired LKF: 32, SbBoW 0.75 matches: 97
[1, 0, 0, 0;
 0, 1, 0, 0;
 0, 0, 1, 0;
 0, 0, 0, 1]
Current Frame: 154, desired LKF: 32, SbBoW 0.75 matches: 93
, Triangulate: 65
[0.87535894, -0.48274642, -0.026509762, 0.40660828;
 0.48321652, 0.87178892, 0.08053422, 0.75022358;
 -0.01576668, -0.083306417, 0.99639928, 0.52137727;
 0, 0, 0, 1]
Current Frame: 155, desired LKF: 32, SbBoW 0.75 matches: 79
[1, 0, 0, 0;
 0, 1, 0, 0;
 0, 0, 1, 0;
 0, 0, 0, 1]
Current Frame: 156, desired LKF: 32, SbBoW 0.75 matches: 92
[1, 0, 0, 0;
 0, 1, 0, 0;
 0, 0, 1, 0;
 0, 0, 0, 1]
Current Frame: 157, desired LKF: 32, SbBoW 0.75 matches: 87
[1, 0, 0, 0;
 0, 1, 0, 0;
 0, 0, 1, 0;
 0, 0, 0, 1]
Current Frame: 158, desired LKF: 32, SbBoW 0.75 matches: 79
[1, 0, 0, 0;
 0, 1, 0, 0;
 0, 0, 1, 0;
 0, 0, 0, 1]
Current Frame: 159, desired LKF: 32, SbBoW 0.75 matches: 82
, Triangulate: 37
[0.8712489, -0.49059033, -0.015706211, 0.57587337;
 0.49070457, 0.8713156, 0.0042419732, 0.64406043;
 0.011603951, -0.011402979, 0.99986762, 0.50354344;
 0, 0, 0, 1]
Current Frame: 160, desired LKF: 32, SbBoW 0.75 matches: 85
[1, 0, 0, 0;
 0, 1, 0, 0;
 0, 0, 1, 0;
 0, 0, 0, 1]
Current Frame: 161, desired LKF: 32, SbBoW 0.75 matches: 86
, Triangulate: 69
[0.87188852, -0.489353, -0.018546864, 0.48939496;
 0.4896234, 0.87180716, 0.014866441, 0.73535925;
 0.0088944137, -0.022042781, 0.99971747, 0.46876371;
 0, 0, 0, 1]
Current Frame: 162, desired LKF: 32, SbBoW 0.75 matches: 77
[1, 0, 0, 0;
 0, 1, 0, 0;
 0, 0, 1, 0;
 0, 0, 0, 1]
Current Frame: 163, desired LKF: 32, SbBoW 0.75 matches: 90
, Triangulate: 53
[0.88969517, -0.45526963, -0.034233555, 0.34144634;
 0.45655474, 0.88712263, 0.067609906, 0.76814687;
 -0.00041118264, -0.075781614, 0.99712431, 0.54163152;
 0, 0, 0, 1]
Current Frame: 164, desired LKF: 32, SbBoW 0.75 matches: 82
, Triangulate: 61
[0.89015603, -0.45424587, -0.035813451, 0.55036509;
 0.45559162, 0.88596243, 0.086642325, 0.6631611;
 -0.0076274574, -0.09344168, 0.99559546, 0.50726283;
 0, 0, 0, 1]
Current Frame: 165, desired LKF: 32, SbBoW 0.75 matches: 88
[1, 0, 0, 0;
 0, 1, 0, 0;
 0, 0, 1, 0;
 0, 0, 0, 1]
Current Frame: 166, desired LKF: 32, SbBoW 0.75 matches: 94
[1, 0, 0, 0;
 0, 1, 0, 0;
 0, 0, 1, 0;
 0, 0, 0, 1]
Current Frame: 167, desired LKF: 32, SbBoW 0.75 matches: 90
[1, 0, 0, 0;
 0, 1, 0, 0;
 0, 0, 1, 0;
 0, 0, 0, 1]
Current Frame: 168, desired LKF: 32, SbBoW 0.75 matches: 94
[1, 0, 0, 0;
 0, 1, 0, 0;
 0, 0, 1, 0;
 0, 0, 0, 1]
Current Frame: 169, desired LKF: 32, SbBoW 0.75 matches: 112
, Triangulate: 90
[0.92181206, -0.38223088, -0.064513117, 0.671749;
 0.38749045, 0.91318756, 0.12625237, 0.55818474;
 0.010655075, -0.14137918, 0.98989809, 0.48701447;
 0, 0, 0, 1]
Current Frame: 170, desired LKF: 32, SbBoW 0.75 matches: 87
, Triangulate: 70
[0.9274528, -0.3643246, -0.084254295, 0.6983282;
 0.37276191, 0.91862935, 0.13102861, 0.5557332;
 0.029661477, -0.15292962, 0.98779178, 0.45110783;
 0, 0, 0, 1]
Current Frame: 171, desired LKF: 32, SbBoW 0.75 matches: 82
[1, 0, 0, 0;
 0, 1, 0, 0;
 0, 0, 1, 0;
 0, 0, 0, 1]
Current Frame: 172, desired LKF: 32, SbBoW 0.75 matches: 90
, Triangulate: 61
[0.94147742, -0.3286846, -0.074743807, 0.75911319;
 0.33593181, 0.93317747, 0.12778609, 0.49430808;
 0.027747989, -0.14541653, 0.98898137, 0.42356414;
 0, 0, 0, 1]
Current Frame: 173, desired LKF: 32, SbBoW 0.75 matches: 96
[1, 0, 0, 0;
 0, 1, 0, 0;
 0, 0, 1, 0;
 0, 0, 0, 1]
Current Frame: 174, desired LKF: 32, SbBoW 0.75 matches: 91
[1, 0, 0, 0;
 0, 1, 0, 0;
 0, 0, 1, 0;
 0, 0, 0, 1]
Current Frame: 175, desired LKF: 32, SbBoW 0.75 matches: 107
, Triangulate: 83
[0.95947862, -0.27426064, -0.064669609, 0.91869849;
 0.27990115, 0.95410663, 0.10646931, 0.24227978;
 0.032501191, -0.12025614, 0.99221069, 0.31191906;
 0, 0, 0, 1]
Current Frame: 176, desired LKF: 32, SbBoW 0.75 matches: 111
, Triangulate: 84
[0.96840376, -0.24406718, -0.051237673, 0.85426158;
 0.24819776, 0.96326733, 0.10253875, 0.36623296;
 0.024329215, -0.11201601, 0.99340856, 0.36893156;
 0, 0, 0, 1]
Current Frame: 177, desired LKF: 32, SbBoW 0.75 matches: 109
, Triangulate: 91
[0.97342598, -0.22672059, -0.032241017, 0.87428164;
 0.22863753, 0.97013301, 0.081036679, 0.15452203;
 0.0129053, -0.086254686, 0.99618959, 0.46016797;
 0, 0, 0, 1]
Current Frame: 178, desired LKF: 32, SbBoW 0.75 matches: 148
, Triangulate: 97
[0.97991639, -0.19689423, -0.031567842, 0.91329306;
 0.19866274, 0.97762078, 0.069216907, 0.11211612;
 0.017232895, -0.074098155, 0.99710214, 0.3915683;
 0, 0, 0, 1]
Current Frame: 179, desired LKF: 32, SbBoW 0.75 matches: 185
, Triangulate: 139
[0.98554921, -0.16827576, -0.019390047, 0.84102064;
 0.16923034, 0.9831093, 0.069694318, 0.17510371;
 0.0073346794, -0.071968511, 0.9973799, 0.51188171;
 0, 0, 0, 1]
Current Frame: 180, desired LKF: 32, SbBoW 0.75 matches: 195
, Triangulate: 135
[0.98965693, -0.14158443, -0.02308616, 0.9462353;
 0.14266048, 0.98825884, 0.054704938, 0.15420963;
 0.015069664, -0.057432614, 0.9982357, 0.28435585;
 0, 0, 0, 1]
Current Frame: 181, desired LKF: 32, SbBoW 0.75 matches: 201
, Triangulate: 149
[0.99341094, -0.11419909, -0.0096495152, 0.93305629;
 0.11452776, 0.99231899, 0.046759091, 0.042279691;
 0.0042355955, -0.047556192, 0.99885958, 0.3572371;
 0, 0, 0, 1]
Current Frame: 182, desired LKF: 32, SbBoW 0.75 matches: 232
, Triangulate: 170
[0.99643242, -0.084167518, -0.0061839819, 0.89031404;
 0.084333345, 0.99582154, 0.035032216, -0.041314926;
 0.0032095015, -0.035428807, 0.99936712, 0.45346877;
 0, 0, 0, 1]
Current Frame: 183, desired LKF: 32, SbBoW 0.75 matches: 280
[1, 0, 0, 0;
 0, 1, 0, 0;
 0, 0, 1, 0;
 0, 0, 0, 1]
Current Frame: 184, desired LKF: 32, SbBoW 0.75 matches: 310
[1, 0, 0, 0;
 0, 1, 0, 0;
 0, 0, 1, 0;
 0, 0, 0, 1]
Current Frame: 185, desired LKF: 33, SbBoW 0.75 matches: 162
, Triangulate: 126
[0.99264705, -0.095584109, -0.074266613, 0.91303885;
 0.10033421, 0.99295092, 0.063098907, -0.15286452;
 0.06771183, -0.070086479, 0.99524009, 0.37814355;
 0, 0, 0, 1]
Current Frame: 186, desired LKF: 33, SbBoW 0.75 matches: 170
, Triangulate: 124
[0.99497676, -0.075065628, -0.066228732, 0.93108213;
 0.078595176, 0.99552864, 0.052399367, -0.16593809;
 0.061999157, -0.057341442, 0.99642754, 0.32488546;
 0, 0, 0, 1]
Current Frame: 187, desired LKF: 33, SbBoW 0.75 matches: 194
, Triangulate: 160
[0.9969852, -0.056983113, -0.052663445, 0.89455485;
 0.058784217, 0.997715, 0.033305742, -0.28022251;
 0.050645262, -0.036301084, 0.99805671, 0.34820542;
 0, 0, 0, 1]
Current Frame: 188, desired LKF: 33, SbBoW 0.75 matches: 214
, Triangulate: 186
[0.99805027, -0.04409121, -0.044179797, 0.90455341;
 0.045086905, 0.99874532, 0.021799386, -0.26369265;
 0.0431633, -0.023748972, 0.99878573, 0.33503625;
 0, 0, 0, 1]
Current Frame: 189, desired LKF: 33, SbBoW 0.75 matches: 234
, Triangulate: 167
[0.99882007, -0.032563686, -0.036027193, 0.91437066;
 0.032629892, 0.99946678, 0.001250267, -0.22742528;
 0.035967261, -0.0024242923, 0.99935013, 0.33496863;
 0, 0, 0, 1]
Current Frame: 190, desired LKF: 33, SbBoW 0.75 matches: 273
, Triangulate: 184
[0.99963224, -0.020394117, -0.017872751, 0.78687882;
 0.02009514, 0.99965757, -0.016757578, -0.4404242;
 0.018208414, 0.016392335, 0.99969983, 0.43225935;
 0, 0, 0, 1]
Current Frame: 191, desired LKF: 33, SbBoW 0.75 matches: 316
[1, 0, 0, 0;
 0, 1, 0, 0;
 0, 0, 1, 0;
 0, 0, 0, 1]
Current Frame: 192, desired LKF: 34, SbBoW 0.75 matches: 178
, Triangulate: 134
[0.99756998, 0.059412152, -0.036388975, 0.50670129;
 -0.057876199, 0.99744415, 0.041898221, -0.86209714;
 0.038785245, -0.039690353, 0.99845904, 0.0064982413;
 0, 0, 0, 1]
Current Frame: 193, desired LKF: 34, SbBoW 0.75 matches: 184
, Triangulate: 90
[0.99756801, 0.067750305, -0.01636016, 0.47949427;
 -0.06674391, 0.99621189, 0.055742897, -0.866099;
 0.0200748, -0.054515265, 0.99831104, 0.14127205;
 0, 0, 0, 1]
Current Frame: 194, desired LKF: 34, SbBoW 0.75 matches: 201
[1, 0, 0, 0;
 0, 1, 0, 0;
 0, 0, 1, 0;
 0, 0, 0, 1]
Current Frame: 195, desired LKF: 34, SbBoW 0.75 matches: 198
, Triangulate: 160
[0.99786508, 0.063044786, -0.017052222, 0.14474192;
 -0.062065884, 0.9966709, 0.052863941, -0.98511147;
 0.020328378, -0.051692672, 0.99845612, 0.092763521;
 0, 0, 0, 1]
Current Frame: 196, desired LKF: 34, SbBoW 0.75 matches: 216
[1, 0, 0, 0;
 0, 1, 0, 0;
 0, 0, 1, 0;
 0, 0, 0, 1]
Current Frame: 197, desired LKF: 34, SbBoW 0.75 matches: 235
, Triangulate: 181
[0.99734318, 0.065494686, -0.031890333, 0.16071422;
 -0.063490719, 0.99616235, 0.060246341, -0.98198986;
 0.035713799, -0.058061518, 0.99767399, -0.099331729;
 0, 0, 0, 1]
Current Frame: 198, desired LKF: 34, SbBoW 0.75 matches: 195
[1, 0, 0, 0;
 0, 1, 0, 0;
 0, 0, 1, 0;
 0, 0, 0, 1]
Current Frame: 199, desired LKF: 34, SbBoW 0.75 matches: 205
[1, 0, 0, 0;
 0, 1, 0, 0;
 0, 0, 1, 0;
 0, 0, 0, 1]
Current Frame: 200, desired LKF: 34, SbBoW 0.75 matches: 201
, Triangulate: 170
[0.99843037, 0.046057418, -0.031870112, -0.1038829;
 -0.043872349, 0.99684381, 0.066162422, -0.97986889;
 0.034816787, -0.064660341, 0.99729961, -0.17048532;
 0, 0, 0, 1]
Current Frame: 201, desired LKF: 34, SbBoW 0.75 matches: 243
[1, 0, 0, 0;
 0, 1, 0, 0;
 0, 0, 1, 0;
 0, 0, 0, 1]
Current Frame: 202, desired LKF: 34, SbBoW 0.75 matches: 249
, Triangulate: 202
[0.99901819, 0.036028534, -0.025777921, -0.22473155;
 -0.03463763, 0.99801946, 0.052512065, -0.93292153;
 0.027618904, -0.051567793, 0.99828744, -0.28134161;
 0, 0, 0, 1]
Current Frame: 203, desired LKF: 34, SbBoW 0.75 matches: 237
, Triangulate: 185
[0.99947947, 0.018906288, -0.026143676, -0.068757378;
 -0.017691758, 0.99878788, 0.045931563, -0.98082513;
 0.026980385, -0.045445085, 0.99860245, -0.18235816;
 0, 0, 0, 1]
Current Frame: 204, desired LKF: 34, SbBoW 0.75 matches: 245
, Triangulate: 200
[0.99918675, 0.027004182, -0.029941604, -0.28158009;
 -0.025682524, 0.99871546, 0.043679237, -0.85108417;
 0.031082653, -0.042874783, 0.99859679, -0.44313464;
 0, 0, 0, 1]
Current Frame: 205, desired LKF: 34, SbBoW 0.75 matches: 264
[1, 0, 0, 0;
 0, 1, 0, 0;
 0, 0, 1, 0;
 0, 0, 0, 1]
Current Frame: 206, desired LKF: 34, SbBoW 0.75 matches: 254
, Triangulate: 193
[0.99977231, 0.014915109, -0.015262879, -0.65775418;
 -0.014430612, 0.99940348, 0.031376988, -0.73647314;
 0.015721805, -0.031149574, 0.99939114, -0.15800866;
 0, 0, 0, 1]
Current Frame: 207, desired LKF: 34, SbBoW 0.75 matches: 287
[1, 0, 0, 0;
 0, 1, 0, 0;
 0, 0, 1, 0;
 0, 0, 0, 1]
Current Frame: 208, desired LKF: 34, SbBoW 0.75 matches: 301
[1, 0, 0, 0;
 0, 1, 0, 0;
 0, 0, 1, 0;
 0, 0, 0, 1]
Current Frame: 209, desired LKF: 35, SbBoW 0.75 matches: 62
, Triangulate: 32
[0.9934538, 0.044589356, 0.10517278, -0.81978846;
 -0.03431575, 0.99463928, -0.097546011, 0.29798633;
 -0.10895857, 0.093298376, 0.98965824, -0.4890306;
 0, 0, 0, 1]
Current Frame: 210, desired LKF: 35, SbBoW 0.75 matches: 56
, Triangulate: 44
[0.9916923, 0.039145187, 0.12253171, -0.89346749;
 -0.027047858, 0.99473178, -0.098879099, 0.30922621;
 -0.12575683, 0.094743393, 0.98752666, -0.32572225;
 0, 0, 0, 1]
Current Frame: 211, desired LKF: 35, SbBoW 0.75 matches: 53
, Triangulate: 38
[0.99088567, 0.036334261, 0.12971231, -0.91102284;
 -0.02370441, 0.99494177, -0.097616717, 0.30247363;
 -0.132603, 0.093652315, 0.98673493, -0.28026247;
 0, 0, 0, 1]
Current Frame: 212, desired LKF: 35, SbBoW 0.75 matches: 66
, Triangulate: 48
[0.99207276, 0.047276661, 0.11643216, -0.84306413;
 -0.035559028, 0.99427748, -0.10073645, 0.3740752;
 -0.12052831, 0.095797732, 0.98807669, -0.38640729;
 0, 0, 0, 1]
Current Frame: 213, desired LKF: 35, SbBoW 0.75 matches: 61
, Triangulate: 37
[0.99069911, 0.061969042, 0.12114097, -0.82507789;
 -0.05258736, 0.99547333, -0.079166472, 0.48585534;
 -0.12549855, 0.072059706, 0.98947334, -0.28842869;
 0, 0, 0, 1]
Current Frame: 214, desired LKF: 35, SbBoW 0.75 matches: 56
[1, 0, 0, 0;
 0, 1, 0, 0;
 0, 0, 1, 0;
 0, 0, 0, 1]
Current Frame: 215, desired LKF: 35, SbBoW 0.75 matches: 65
, Triangulate: 42
[0.99401253, 0.054288208, 0.094825715, -0.81448901;
 -0.049077123, 0.99719846, -0.056449756, 0.44824636;
 -0.09762457, 0.051458076, 0.99389207, -0.36835152;
 0, 0, 0, 1]
Current Frame: 216, desired LKF: 35, SbBoW 0.75 matches: 79
, Triangulate: 56
[0.99571335, 0.067827165, 0.062883347, -0.77116275;
 -0.064968616, 0.99680597, -0.046442121, 0.46259817;
 -0.065832525, 0.042157605, 0.99693966, -0.43739107;
 0, 0, 0, 1]
Current Frame: 217, desired LKF: 35, SbBoW 0.75 matches: 88
[1, 0, 0, 0;
 0, 1, 0, 0;
 0, 0, 1, 0;
 0, 0, 0, 1]
Current Frame: 218, desired LKF: 35, SbBoW 0.75 matches: 96
, Triangulate: 52
[0.9950847, 0.086460322, 0.048282295, -0.73887587;
 -0.085402071, 0.99606776, -0.0235679, 0.5707497;
 -0.050130099, 0.019328803, 0.99855554, -0.35819989;
 0, 0, 0, 1]
Current Frame: 219, desired LKF: 35, SbBoW 0.75 matches: 93
, Triangulate: 67
[0.9970383, 0.063544571, 0.043322116, -0.7860989;
 -0.061676562, 0.9971621, -0.043172389, 0.48869023;
 -0.045942426, 0.040372699, 0.99812794, -0.37845793;
 0, 0, 0, 1]
Current Frame: 220, desired LKF: 35, SbBoW 0.75 matches: 76
[1, 0, 0, 0;
 0, 1, 0, 0;
 0, 0, 1, 0;
 0, 0, 0, 1]
Current Frame: 221, desired LKF: 35, SbBoW 0.75 matches: 88
, Triangulate: 59
[0.99650472, 0.07363537, 0.039446175, -0.68659335;
 -0.071711779, 0.99626273, -0.048144579, 0.62659162;
 -0.042843759, 0.045147419, 0.99806112, -0.3687444;
 0, 0, 0, 1]
Current Frame: 222, desired LKF: 35, SbBoW 0.75 matches: 72
, Triangulate: 54
[0.99792445, 0.033658743, 0.054900408, -0.82433766;
 -0.030237973, 0.99761868, -0.06199114, 0.4579944;
 -0.056856185, 0.060202345, 0.9965657, -0.33272895;
 0, 0, 0, 1]
Current Frame: 223, desired LKF: 35, SbBoW 0.75 matches: 91
[1, 0, 0, 0;
 0, 1, 0, 0;
 0, 0, 1, 0;
 0, 0, 0, 1]
Current Frame: 224, desired LKF: 35, SbBoW 0.75 matches: 103
[1, 0, 0, 0;
 0, 1, 0, 0;
 0, 0, 1, 0;
 0, 0, 0, 1]
