1.000000000 0.000000000 0.000000000 0.000000000 0.000000000 1.000000000 0.000000000 0.000000000 0.000000000 0.000000000 1.000000000 0.000000000
0.999927044 -0.005450595 0.010780745 -0.003240862 0.004904571 0.998735070 0.050041616 0.180068970 -0.011039865 -0.049985096 0.998688936 0.053988907
0.999944270 -0.005142494 0.009229652 -0.003976476 0.004584711 0.998219728 0.059469376 0.224602163 -0.009519043 -0.059423741 0.998187363 0.065449767
0.999949217 0.000697529 0.010045149 -0.004760460 -0.001372576 0.997728348 0.067352057 0.244312972 -0.009975348 -0.067362450 0.997678638 0.069835529
0.999969125 0.001062961 0.007785274 -0.005586849 -0.001670176 0.996919870 0.078409284 0.262525439 -0.007677947 -0.078419864 0.996890724 0.072512358
0.999979317 0.001240584 0.006300106 -0.005433654 -0.001817354 0.995721638 0.092385814 0.280032963 -0.006158538 -0.092395358 0.995703340 0.075339913
0.999984443 0.002035852 0.005195219 -0.006297024 -0.002595220 0.993923426 0.110043302 0.292331845 -0.004939618 -0.110055059 0.993913233 0.077777453
0.999990582 0.001083309 0.004202149 -0.006848106 -0.001607404 0.991927326 0.126798093 0.299032360 -0.004030866 -0.126803637 0.991919637 0.078638181
0.999988317 0.001362917 0.004622911 -0.008819160 -0.002000614 0.990024865 0.140878558 0.297422737 -0.004384791 -0.140886143 0.990016103 0.076189369
0.999998927 -0.001343562 -0.000591736 -0.008553745 0.001415039 0.989477098 0.144682750 0.287690431 0.000391119 -0.144683436 0.989477813 0.073552564
0.999998689 -0.000922985 -0.001323127 -0.009315095 0.001101779 0.989834428 0.142219886 0.269614190 0.001178410 -0.142221197 0.989834249 0.068241745
0.999996483 0.001893207 0.001800218 -0.010181904 -0.002117702 0.990949512 0.134219021 0.244752482 -0.001529820 -0.134222388 0.990950108 0.062203810
0.999942541 0.008227512 0.006865119 -0.010594021 -0.009013565 0.992282093 0.123673841 0.213818282 -0.005794609 -0.123728655 0.992299199 0.055293240
0.999781966 0.014902161 0.014625025 -0.010595237 -0.016443241 0.993613183 0.111635283 0.178454772 -0.012868012 -0.111851439 0.993641555 0.048354708
0.999419808 0.023205612 0.024930574 -0.011023981 -0.025524419 0.994945288 0.097121693 0.138795719 -0.022550790 -0.097701713 0.994960248 0.038759828
0.998928547 0.030032590 0.035213102 -0.011029358 -0.032818023 0.996141434 0.081394367 0.100215316 -0.032632753 -0.082462773 0.996059895 0.030972848
0.998629808 0.034330972 0.039498407 -0.012152059 -0.036904506 0.997111261 0.066385873 0.061867684 -0.037105225 -0.067752562 0.997011840 0.022769036
0.998531878 0.036855362 0.039699707 -0.013870771 -0.038903497 0.997882843 0.052117251 0.026488444 -0.037694864 -0.053585164 0.997851551 0.014417657
0.998624086 0.036138844 0.037999019 -0.015907463 -0.037619933 0.998530328 0.039012559 -0.007755130 -0.036533307 -0.040388405 0.998515844 0.006723898
0.998668015 0.034106005 0.038716931 -0.016859848 -0.035126522 0.999044895 0.025991566 -0.039782550 -0.037793480 -0.027316943 0.998912096 -0.001806814
0.998817861 0.028521778 0.039364837 -0.016863465 -0.028942050 0.999529600 0.010148003 -0.067242168 -0.039056893 -0.011275299 0.999173343 -0.005558495
0.998870909 0.025188051 0.040283576 -0.017762424 -0.024990516 0.999673188 -0.005399742 -0.094216757 -0.040406432 0.004386943 0.999173760 -0.013923749
0.998891115 0.025059387 0.039856538 -0.016804410 -0.023518126 0.998974860 -0.038680084 -0.131091133 -0.040784981 0.037699834 0.998456478 -0.026328322
0.998848021 0.025334937 0.040749732 -0.015997216 -0.023308070 0.998503566 -0.049467955 -0.138481453 -0.041942041 0.048461184 0.997944117 -0.028524851
0.998203099 0.036493633 0.047525622 -0.014268235 -0.034256160 0.998303890 -0.047072072 -0.129186809 -0.049162861 0.045359455 0.997760296 -0.028890265
0.997887373 0.041564900 0.049932498 -0.012744424 -0.039741885 0.998525918 -0.036964204 -0.112885520 -0.051395319 0.034901693 0.998068273 -0.026757983
0.997905612 0.038932085 0.051659163 -0.011182981 -0.037702035 0.998986721 -0.024575915 -0.090493344 -0.052563615 0.022576785 0.998362362 -0.020074222
0.998106718 0.035946093 0.049906299 -0.009034012 -0.035414502 0.999306679 -0.011495579 -0.062638603 -0.050284922 0.009706404 0.998687744 -0.010176773
0.998281002 0.034092218 0.047673229 -0.004379537 -0.034408830 0.999390721 0.005836220 -0.002635888 -0.047445212 -0.007466561 0.998845935 0.006319250
0.998509228 0.030815380 0.045051280 -0.002107190 -0.031256314 0.999469817 0.009115792 0.030114660 -0.044746488 -0.010510337 0.998943090 0.015838187
0.998781621 0.030330673 0.038926456 -0.000239062 -0.030816311 0.999453604 0.011936903 0.062931634 -0.038543165 -0.013121932 0.999170780 0.023349829
0.998870730 0.029813930 0.036990285 0.001324885 -0.030451601 0.999394953 0.016796861 0.095892578 -0.036467131 -0.017904310 0.999174476 0.030456383
0.999097764 0.020028414 0.037453309 0.002086731 -0.021523912 0.998969376 0.039962236 0.159781799 -0.036614329 -0.040732313 0.998498976 0.045205865
0.999028683 0.016020527 0.041048817 0.002438553 -0.018310593 0.998260856 0.056034323 0.189206511 -0.040079728 -0.056731492 0.997584939 0.052156009
0.998860300 0.016542591 0.044774152 0.002391066 -0.019794211 0.997122228 0.073182091 0.215094581 -0.043434680 -0.073984936 0.996313095 0.057810873
0.998864710 0.017670227 0.044239193 0.001554155 -0.021636490 0.995629907 0.090845197 0.235785589 -0.042440604 -0.091699213 0.994882166 0.061939195
0.999171257 0.015993979 0.037429765 -0.001760895 -0.020259922 0.992981374 0.116522580 0.261258245 -0.035303399 -0.117184334 0.992482483 0.068228170
0.999258041 0.015944058 0.035059612 -0.002948929 -0.020150378 0.992189467 0.123101771 0.261214912 -0.032823041 -0.123716898 0.991774559 0.067991994
0.999296784 0.017983798 0.032901164 -0.004683759 -0.021981463 0.991851449 0.125489458 0.251058877 -0.030376289 -0.126124427 0.991549253 0.065552980
0.999400675 0.015898524 0.030750627 -0.006853406 -0.019495713 0.992526293 0.120463371 0.233664364 -0.028605614 -0.120990656 0.992241383 0.061543591
0.999480963 0.014363659 0.028833229 -0.008564108 -0.017368810 0.994124711 0.106839582 0.210376799 -0.027129220 -0.107284971 0.993858159 0.055269860
0.999449432 0.015509303 0.029330252 -0.010158628 -0.018166216 0.995537102 0.092604861 0.180603981 -0.027763121 -0.093086667 0.995270848 0.046417661
0.999280214 0.019859811 0.032320347 -0.011558325 -0.022381587 0.996572971 0.079631694 0.150424719 -0.030628111 -0.080297723 0.996300280 0.038809303
0.998792827 0.025642361 0.041896448 -0.013242172 -0.028252305 0.997617364 0.062939338 0.086604655 -0.040182699 -0.064047031 0.997137547 0.024456946
0.998572588 0.025385695 0.046994153 -0.013292342 -0.028099362 0.997920156 0.058014743 0.054555971 -0.045423668 -0.059252445 0.997209013 0.016298270
0.998392642 0.026718175 0.049982466 -0.012831945 -0.029380795 0.998145103 0.053317774 0.022854226 -0.048465215 -0.054700606 0.997326016 0.007834065
0.998285294 0.022541353 0.054021031 -0.011996333 -0.025068680 0.998600185 0.046572443 -0.009748644 -0.052895609 -0.047846824 0.997453153 0.000734321
0.998035431 0.017553199 0.060142163 -0.010334304 -0.019805850 0.999116540 0.037066378 -0.041821238 -0.059438389 -0.038184728 0.997501373 -0.005963190
0.997510195 0.013455536 0.069226570 -0.009103792 -0.015136696 0.999601781 0.023817942 -0.074393906 -0.068878502 -0.024806507 0.997316539 -0.013249396
0.996822774 0.009061347 0.079134591 -0.005837706 -0.008331656 0.999919832 -0.009546190 -0.128826275 -0.079214737 0.008856531 0.996818244 -0.027222306
0.996525705 0.009979117 0.082686014 -0.004090316 -0.007871474 0.999636710 -0.025776589 -0.150360033 -0.082913220 0.025036173 0.996242225 -0.034729086
0.996517897 0.012939090 0.082368582 -0.002938524 -0.009951731 0.999281228 -0.036575966 -0.162104174 -0.082782641 0.035628892 0.995930552 -0.039632671
0.996364892 0.014780784 0.083894931 -0.001104530 -0.011343353 0.999082267 -0.041302830 -0.167465746 -0.084428422 0.040201034 0.995618284 -0.039828133
0.995938480 0.019648073 0.087865308 -0.000007153 -0.015992399 0.998984516 -0.042117611 -0.163455859 -0.088603631 0.040541369 0.995241642 -0.037992522
0.995800376 0.023107372 0.088586994 0.001861300 -0.019675262 0.999029040 -0.039422221 -0.153104052 -0.089411914 0.037513692 0.995288014 -0.034371875
0.995899618 0.024875442 0.086977430 0.002431103 -0.021845659 0.999126792 -0.035614256 -0.136616036 -0.087787397 0.033568151 0.995573580 -0.029976647
0.996037483 0.024901738 0.085376449 0.003083023 -0.022244327 0.999242306 -0.031937208 -0.114500649 -0.086107038 0.029911520 0.995836854 -0.022795206
0.996558309 0.023542088 0.079480909 0.004576568 -0.021794990 0.999503016 -0.022777833 -0.059010465 -0.079977661 0.020967156 0.996576071 -0.006198037
0.996851087 0.026779165 0.074636757 0.007145148 -0.025631601 0.999538720 -0.016291212 -0.026934745 -0.075038597 0.014326856 0.997077644 0.002921537
0.997034073 0.027917087 0.071718171 0.008977305 -0.027260657 0.999577343 -0.010115605 0.006799849 -0.071970247 0.008130521 0.997373641 0.012683214
0.996949315 0.031536944 0.071396448 0.010859024 -0.031524558 0.999502301 -0.001300575 0.040376998 -0.071401924 -0.000954131 0.997447073 0.021964870
0.996521056 0.033809379 0.076174729 0.013599510 -0.034678023 0.999347329 0.010109189 0.074208215 -0.075783230 -0.012715605 0.997043312 0.031975057
0.997072399 0.029890483 0.070377730 0.014505250 -0.031859130 0.999127030 0.027018107 0.107969701 -0.069508724 -0.029181179 0.997154415 0.040206067
0.997939348 0.012502483 0.062932119 0.015023781 -0.016994359 0.997306228 0.071355343 0.169209450 -0.061870459 -0.072277799 0.995463729 0.054948855
0.998043716 0.006548092 0.062172797 0.015574956 -0.012249088 0.995705366 0.091762893 0.196921453 -0.061304923 -0.092344970 0.993838131 0.061061144
0.998075843 0.004882546 0.061810154 0.016953066 -0.011521012 0.994137585 0.107505366 0.218349755 -0.060922898 -0.108010650 0.992281318 0.063275516
0.997932613 0.010662242 0.063377619 0.016444460 -0.018048633 0.992951095 0.117142901 0.243067190 -0.061681859 -0.118044600 0.991090775 0.070466645
0.998065829 0.015405059 0.060227249 0.016484665 -0.022775089 0.992062211 0.123669334 0.259497046 -0.057844039 -0.124801837 0.990494072 0.074285522
0.998345017 0.017927375 0.054642923 0.015170474 -0.024733318 0.991652787 0.126542553 0.270866305 -0.051918231 -0.127684623 0.990454972 0.075372964
0.998661458 0.020179678 0.047624134 0.013306720 -0.026084760 0.991581798 0.126827359 0.275747716 -0.044663887 -0.127899870 0.990780830 0.074015424
0.998930931 0.020116534 0.041619599 0.011762271 -0.025259681 0.991581619 0.126995325 0.273291469 -0.038714517 -0.127910852 0.991029799 0.072644740
0.999061406 0.021468662 0.037621357 0.010459159 -0.026097327 0.991531968 0.127214164 0.263716310 -0.034571655 -0.128076568 0.991161525 0.070238024
0.999097943 0.022709582 0.035886019 0.009863829 -0.027078286 0.991614282 0.126364246 0.246725440 -0.032715410 -0.127221957 0.991334617 0.066652551
0.999068916 0.023910049 0.035913195 0.008669602 -0.028186899 0.991914153 0.123741053 0.224268019 -0.032664150 -0.124638088 0.991664469 0.062060941
0.999061823 0.023629306 0.036290381 0.007041658 -0.027804468 0.992477477 0.119228035 0.198766530 -0.033200108 -0.120125227 0.992203474 0.055400088
0.998897552 0.026586061 0.038688857 0.006456750 -0.030913524 0.992775440 0.115936682 0.168847442 -0.035327047 -0.117004886 0.992502868 0.049908064
0.998354852 0.033509560 0.046525966 0.006478255 -0.038536247 0.992991567 0.111725502 0.136461899 -0.042456016 -0.113334633 0.992649436 0.044501863
0.997821212 0.038922258 0.053270876 0.007211453 -0.044328295 0.993548930 0.104382560 0.101761326 -0.048864409 -0.106516525 0.993109524 0.037458554
0.997551143 0.040804848 0.056802787 0.006966520 -0.046049174 0.994477570 0.094307028 0.065853290 -0.052640911 -0.096691802 0.993921280 0.031003332
0.997308910 0.041484520 0.060448799 0.006392151 -0.046311665 0.995655894 0.080774620 0.029106980 -0.056835305 -0.083356723 0.994897604 0.025010157
0.996627808 0.038211104 0.072616063 0.004420019 -0.041372053 0.998237967 0.042535417 -0.042751055 -0.070862807 -0.045396257 0.996452451 0.010127897
0.996166646 0.038775869 0.078414872 0.004012999 -0.040522926 0.998961866 0.020811778 -0.077567168 -0.077526450 -0.023909591 0.996703565 0.003124278
0.995602429 0.038230881 0.085523635 0.003524572 -0.038421713 0.999261558 0.000585873 -0.107345909 -0.085438050 -0.003869266 0.996335983 -0.004659353
0.995282054 0.038756836 0.088948265 0.002410690 -0.037471361 0.999168515 -0.016077165 -0.134911105 -0.089497402 0.012668293 0.995906472 -0.012888166
0.995454788 0.032309111 0.089586392 0.001185372 -0.028919397 0.998825252 -0.038880926 -0.173977852 -0.090737373 0.036113426 0.995219886 -0.024491530
0.995441914 0.026499458 0.091614485 -0.000443462 -0.022652956 0.998827934 -0.042773779 -0.188131392 -0.092640601 0.040503472 0.994875491 -0.030870236
0.995201170 0.024128690 0.094828695 0.000487868 -0.020167459 0.998892486 -0.042511214 -0.190359578 -0.095749401 0.040394757 0.994585454 -0.029931357
0.994933903 0.021208072 0.098268434 0.000957295 -0.017402831 0.999071181 -0.039419632 -0.186923191 -0.099013194 0.037509788 0.994378924 -0.028404996
0.994433165 0.018724201 0.103691779 0.001838557 -0.015799897 0.999455988 -0.028951854 -0.162871495 -0.104177468 0.027152367 0.994188070 -0.019624492
0.993795514 0.019455157 0.109507926 0.003372070 -0.017046755 0.999592721 -0.022886435 -0.143073246 -0.109908573 0.020877693 0.993722439 -0.012079086
0.992911637 0.025553256 0.116076171 0.004370701 -0.023803823 0.999581575 -0.016432922 -0.120453469 -0.116447523 0.013553384 0.993104398 -0.005010035
0.992255628 0.030939035 0.120297641 0.008957718 -0.029811697 0.999493241 -0.011160044 -0.094691567 -0.120581955 0.007487338 0.992675245 0.005740708
0.991578400 0.039977640 0.123181745 0.009800205 -0.039639179 0.999200523 -0.005198259 -0.069747098 -0.123291075 0.000271655 0.992370427 0.012435704
0.991295755 0.043734707 0.124175772 0.012456297 -0.044292502 0.999017119 0.001733444 -0.043609750 -0.123977907 -0.007218414 0.992258668 0.021064412
0.992466211 0.048479043 0.112519026 0.017635429 -0.051239934 0.998448968 0.021774530 0.008737270 -0.111288913 -0.027375959 0.993410945 0.033650935
0.993663669 0.049386043 0.100963041 0.018944211 -0.053045359 0.998017132 0.033884976 0.033013459 -0.099089399 -0.039025899 0.994313002 0.036713518
0.994981706 0.047985289 0.087799236 0.019946849 -0.052226599 0.997544408 0.046663873 0.054596938 -0.085344464 -0.051015161 0.995044589 0.036495909
0.996204555 0.043432299 0.075432584 0.019866493 -0.048067637 0.996994257 0.060762074 0.072971068 -0.072566830 -0.064157329 0.995297909 0.034909543
0.997324109 0.037245277 0.062909827 0.019396290 -0.041960850 0.996271610 0.075380102 0.088608548 -0.059867714 -0.077818111 0.995168388 0.033198316
0.998737574 0.020899437 0.045676019 0.019049298 -0.025722949 0.993849993 0.107705787 0.106524721 -0.043144114 -0.108744740 0.993133008 0.025830504
0.999195993 0.012986776 0.037930287 0.018557429 -0.017700519 0.991781473 0.126712561 0.110590145 -0.035972968 -0.127282053 0.991214037 0.021015633
0.999445975 0.006430230 0.032655068 0.017770074 -0.011111475 0.989330173 0.145267010 0.112915911 -0.031372536 -0.145549357 0.988853514 0.016025161
0.999463141 0.001042260 0.032743614 0.017753489 -0.006479742 0.986036897 0.166400790 0.113609850 -0.032112967 -0.166523635 0.985514402 0.011580847
0.999218702 -0.004521049 0.039261028 0.017429899 -0.003016162 0.981813848 0.189822808 0.114280879 -0.039405219 -0.189792901 0.981033087 0.008397851
0.998602629 -0.006800793 0.052406665 0.017593171 -0.004602185 0.976725519 0.214443371 0.114503331 -0.052645318 -0.214384854 0.975329518 0.006000577
0.997812808 -0.011988327 0.065006092 0.016355030 -0.003664118 0.971873701 0.235473931 0.113683470 -0.066000663 -0.235197097 0.969704211 0.003184568
0.997033238 -0.019572033 0.074441575 0.014655635 0.000043415 0.967274427 0.253732413 0.112168826 -0.076971494 -0.252976388 0.964405715 0.000413856
0.996606767 -0.025115430 0.078384563 0.012014307 0.002932185 0.962538540 0.271129042 0.110164046 -0.082257688 -0.269979179 0.959346175 -0.003996307
0.996431708 -0.029010288 0.079261102 0.009613879 0.004829146 0.957132638 0.289609611 0.109415069 -0.084265046 -0.288193405 0.953857481 -0.008280491
0.996170580 -0.034678690 0.080258973 0.007934453 0.008188227 0.950943470 0.309256315 0.108545937 -0.087046355 -0.307414889 0.947585881 -0.012838386
0.995878458 -0.040539570 0.081133164 0.006780129 0.011638464 0.944270968 0.328963339 0.108883813 -0.089947730 -0.326663256 0.940850973 -0.018514832
0.995561659 -0.045981955 0.082113840 0.004731251 0.014470544 0.936930060 0.349217176 0.108884200 -0.092992596 -0.346478999 0.933437049 -0.023999240
0.995556653 -0.048038121 0.080990106 0.005361279 0.014998679 0.930001795 0.367248744 0.110053003 -0.092962883 -0.364402145 0.926589906 -0.030069843
0.995614409 -0.047152527 0.080799811 0.006510712 0.012649015 0.923607528 0.383130789 0.110539161 -0.092692874 -0.380428463 0.920153439 -0.035821803
0.995891869 -0.046188783 0.077884056 0.008728564 0.011644518 0.918305874 0.395700336 0.110106267 -0.089798301 -0.393167824 0.915071249 -0.040760681
0.996207178 -0.045891065 0.073927961 0.012428867 0.012238886 0.915069938 0.403109521 0.108314879 -0.086148366 -0.400675833 0.912160814 -0.044709835
0.996168315 -0.047207806 0.073622242 0.016723000 0.013486444 0.914655209 0.404009759 0.106169105 -0.086411387 -0.401468784 0.911787152 -0.046877049
0.996319056 -0.046524934 0.071999334 0.021300675 0.013946258 0.916686833 0.399363011 0.104114339 -0.084581181 -0.396888822 0.913961291 -0.047511842
0.996587455 -0.047316995 0.067635104 0.025305670 0.016999636 0.919477940 0.392773896 0.101931334 -0.080773860 -0.390283793 0.917144597 -0.047222268
0.996902227 -0.046640225 0.063330211 0.030314174 0.018765353 0.922993779 0.384357065 0.100436866 -0.076379903 -0.381977975 0.921009719 -0.046178672
0.997098684 -0.043788619 0.062264923 0.033657376 0.017114170 0.925992668 0.377153337 0.099811539 -0.074171893 -0.374993503 0.924055398 -0.044551048
0.997458160 -0.038684342 0.059840094 0.035697531 0.013699517 0.928243577 0.371720612 0.099837363 -0.069925949 -0.369955987 0.926414013 -0.042344484
0.997788131 -0.035764053 0.056033857 0.036728892 0.012698094 0.929960191 0.367440999 0.099261589 -0.065250427 -0.365916789 0.928357303 -0.040302180
0.998199105 -0.029188037 0.052407704 0.037651386 0.008030846 0.930800319 0.365439683 0.098577306 -0.059447564 -0.364360720 0.929358542 -0.037686747
0.998426139 -0.026315328 0.049525458 0.038850114 0.006318447 0.930238008 0.366902471 0.097624160 -0.055725612 -0.366012096 0.928940177 -0.035377216
0.998708010 -0.019124635 0.047079820 0.043308299 0.000063426 0.926945567 0.375195861 0.096438870 -0.050815921 -0.374708146 0.925749123 -0.030475304
0.998768330 -0.017964931 0.046251163 0.046978582 -0.000886763 0.925540090 0.378648579 0.095139869 -0.049609706 -0.378223211 0.924384117 -0.027606875
0.998718143 -0.019803613 0.046582438 0.052730858 0.000633582 0.925106704 0.379707009 0.094878331 -0.050613292 -0.379190803 0.923933208 -0.024928000
0.998632848 -0.022417402 0.047220122 0.060529407 0.002721166 0.924438477 0.381321758 0.093797103 -0.052200329 -0.380671948 0.923235595 -0.021536889
0.998490512 -0.023796843 0.049500357 0.069980957 0.003039473 0.923822701 0.382808775 0.092872731 -0.054839194 -0.382080525 0.922500491 -0.018102355
0.998314261 -0.026809514 0.051477589 0.080827199 0.005002980 0.923373997 0.383869171 0.092457712 -0.057824410 -0.382964522 0.921951473 -0.014623063
0.998118103 -0.031454962 0.052638195 0.093394816 0.008701307 0.922377586 0.386191428 0.091323167 -0.060699925 -0.385006696 0.920915484 -0.011285776
0.997948587 -0.035718270 0.053129982 0.107644610 0.012295675 0.921377897 0.388473213 0.089992888 -0.062828392 -0.387023032 0.919927061 -0.009541050
0.997715414 -0.040177498 0.054309286 0.123709835 0.015851744 0.920711637 0.389921486 0.088598192 -0.065669253 -0.388169855 0.919245183 -0.006823245
0.997405052 -0.044041708 0.056950860 0.141264811 0.018434260 0.920916557 0.389323592 0.086332142 -0.069593444 -0.387263507 0.919338703 -0.005166661
0.996948957 -0.048557874 0.061113700 0.159135461 0.021389527 0.922925949 0.384382844 0.085243419 -0.075068235 -0.381902874 0.921148717 -0.002795249
0.996368587 -0.053577069 0.066175267 0.177817330 0.024619784 0.925293624 0.378451705 0.082346797 -0.081507877 -0.375448197 0.923252583 -0.000854637
0.995650351 -0.060079340 0.071209408 0.197151378 0.029450113 0.928069711 0.371240258 0.080142714 -0.088391170 -0.367528379 0.925802350 0.001823571
0.994820535 -0.064713478 0.078385696 0.215941027 0.031593613 0.929814994 0.366668791 0.077712350 -0.096612602 -0.362293094 0.927043557 0.004094377
0.994016051 -0.070182472 0.083705261 0.234670162 0.034926791 0.930266798 0.365217477 0.076774739 -0.103500091 -0.360108465 0.927151322 0.006509393
0.993182898 -0.074197978 0.089902312 0.252546310 0.036239512 0.929576039 0.366844833 0.077588335 -0.110790163 -0.361085951 0.925927937 0.008319814
0.992140830 -0.077643409 0.098122999 0.269758910 0.035497639 0.926626503 0.374303520 0.078206658 -0.119985580 -0.367878675 0.922100186 0.010301717
0.991024375 -0.080138646 0.106997766 0.286809593 0.032991569 0.922254145 0.385173857 0.079476990 -0.129546449 -0.378186643 0.916620195 0.010906093
0.989771307 -0.086113945 0.113741569 0.301117003 0.034594696 0.918353379 0.394246399 0.081243165 -0.138405070 -0.386278927 0.911938965 0.012365401
0.989398956 -0.089597762 0.114289135 0.314068049 0.036641691 0.915545523 0.400541872 0.083022878 -0.140524566 -0.392107964 0.909122765 0.013219222
0.989240944 -0.088597573 0.116415642 0.324851960 0.034329213 0.914124370 0.403977901 0.085525975 -0.142209828 -0.395635068 0.907330871 0.014733247
0.989489079 -0.088755302 0.114166103 0.334655821 0.035282712 0.913806319 0.404614925 0.086968720 -0.140237406 -0.396333903 0.907332957 0.015272781
0.989607215 -0.089273527 0.112729073 0.341604024 0.036543924 0.914342523 0.403289437 0.088439390 -0.139076069 -0.394978583 0.908102274 0.016415365
0.989715576 -0.090548657 0.110743530 0.345888168 0.039014798 0.915675581 0.400020182 0.089554816 -0.137626424 -0.391585499 0.909791052 0.017052010
0.990120530 -0.090472788 0.107125930 0.348629236 0.040841829 0.916944921 0.396918237 0.090230912 -0.134138882 -0.388621598 0.911581039 0.017594934
0.990166426 -0.092303567 0.105121873 0.349283248 0.043821685 0.918267012 0.393529534 0.091135159 -0.132854104 -0.385053068 0.913281977 0.016977146
0.989761233 -0.092517108 0.108689114 0.344387054 0.042580232 0.918197751 0.393827260 0.091849506 -0.136233881 -0.385166973 0.912735879 0.015487723
0.989624977 -0.091097794 0.111101232 0.338617861 0.040318023 0.918297946 0.393831670 0.091098681 -0.137901232 -0.385266274 0.912443519 0.014339507
0.989657640 -0.091230519 0.110701010 0.330438614 0.040838998 0.918959320 0.392232180 0.090188079 -0.137513265 -0.383654654 0.913180828 0.012324445
0.989919782 -0.089931563 0.109412409 0.320532471 0.040193971 0.919154763 0.391840547 0.088715509 -0.135805756 -0.383492976 0.913504243 0.010006145
0.990259290 -0.090976954 0.105402969 0.308519989 0.042600181 0.918674469 0.392711759 0.088395804 -0.132558733 -0.384396255 0.913601518 0.007122178
0.991027534 -0.087383382 0.101136379 0.294927359 0.040665381 0.917937756 0.394635201 0.089560270 -0.127321437 -0.386981547 0.913254917 0.004443228
0.992104053 -0.084473059 0.092702895 0.263661474 0.040663119 0.915877521 0.399393290 0.090888590 -0.118642464 -0.392470151 0.912080705 -0.000119936
0.992644310 -0.083796382 0.087381616 0.245354339 0.042146053 0.915789604 0.399441212 0.091088176 -0.113494918 -0.392820179 0.912584901 -0.002052039
0.993297935 -0.079878837 0.083537981 0.225603715 0.040399149 0.917111337 0.396578878 0.092031620 -0.108291887 -0.390546054 0.914191842 -0.004743401
0.993996561 -0.076151453 0.078560673 0.205006003 0.039283317 0.918550909 0.393345833 0.091529466 -0.102115855 -0.387898266 0.916028082 -0.007412583
0.994693995 -0.072886981 0.072602719 0.183693528 0.039081838 0.920535564 0.388698906 0.090482965 -0.095164485 -0.383799016 0.918499887 -0.011234190
0.995434821 -0.066847198 0.068124913 0.161699653 0.035769276 0.923030138 0.383061051 0.089700110 -0.088487923 -0.378875464 0.921207547 -0.014206110
0.995884776 -0.063984655 0.064182766 0.139122128 0.035049092 0.925010920 0.378320396 0.088218361 -0.083576471 -0.374513954 0.923446953 -0.017323516
0.996303082 -0.061049119 0.060440246 0.115744963 0.033930838 0.925996065 0.376005143 0.086608022 -0.078922212 -0.372564346 0.924644411 -0.020229476
0.996675372 -0.058372915 0.056839563 0.091742977 0.032797616 0.926062465 0.375942141 0.085992552 -0.074581847 -0.372828096 0.924898267 -0.022931797
0.997210264 -0.053469125 0.052083887 0.067771785 0.029817110 0.925022900 0.378739625 0.085513711 -0.068429664 -0.376130074 0.924036622 -0.025459774
0.997643113 -0.049929082 0.047066145 0.043322537 0.028121170 0.923201978 0.383284777 0.085925423 -0.062588625 -0.381057888 0.922430158 -0.028105933
0.998053908 -0.045229405 0.042927116 0.019762330 0.025167448 0.922018647 0.386326611 0.087241173 -0.057052925 -0.384494394 0.921362519 -0.029888477
0.998443961 -0.038750563 0.040102500 -0.028806979 0.020334132 0.922596812 0.385229260 0.089543350 -0.051926285 -0.383814335 0.921949148 -0.033509295
0.998624206 -0.037410174 0.036744907 -0.052797686 0.020547856 0.923867464 0.382160574 0.091774784 -0.048244115 -0.380879700 0.923365116 -0.034898955
0.998811185 -0.034683388 0.034254283 -0.076224834 0.019054255 0.924564421 0.380548835 0.092735842 -0.044869009 -0.379443705 0.924126267 -0.036849849
0.998993158 -0.031169349 0.032265346 -0.100025594 0.016693482 0.925844848 0.377535135 0.095461495 -0.041640222 -0.376616448 0.925432980 -0.038040433
0.999116302 -0.030270597 0.029160706 -0.122660801 0.017071528 0.926230133 0.376571715 0.096849829 -0.038408577 -0.375741094 0.925928414 -0.039841056
0.999323606 -0.028605562 0.023106286 -0.145855710 0.017790439 0.926036656 0.377013952 0.099335440 -0.032181963 -0.376347929 0.925919294 -0.041246980
0.999565780 -0.025028666 0.015546197 -0.167234823 0.017226413 0.924496889 0.380800009 0.102209523 -0.023903327 -0.380366862 0.924526751 -0.043336529
0.999741971 -0.021060593 0.008506531 -0.186810777 0.016137829 0.922159135 0.386474073 0.105593644 -0.015983745 -0.386237115 0.922261119 -0.044857148
0.999831617 -0.018351268 0.000145106 -0.204867736 0.016821280 0.919577301 0.392548889 0.109149277 -0.007337201 -0.392480373 0.919731200 -0.045699846
0.999834180 -0.015933564 -0.008802041 -0.221924037 0.018116981 0.918023229 0.396112591 0.112036414 0.001768995 -0.396206439 0.918159842 -0.046397202
0.999674141 -0.016855534 -0.019171270 -0.235606760 0.023052827 0.918655634 0.394386053 0.114498012 0.010964207 -0.394699544 0.918744862 -0.048105359
0.999558806 -0.015322304 -0.025446745 -0.247681901 0.024024526 0.920825243 0.389234722 0.115278222 0.017468035 -0.389674336 0.920787096 -0.049310770
0.999258220 -0.012989820 -0.036251385 -0.265008181 0.025722457 0.925725698 0.377319843 0.114865348 0.028657524 -0.377972424 0.925373197 -0.051561385
0.999172747 -0.011875402 -0.038895268 -0.269052416 0.025558144 0.927303791 0.373435974 0.114728853 0.031633027 -0.374121159 0.926840186 -0.051909011
0.999209881 -0.009775177 -0.038522825 -0.269530833 0.023412086 0.928026140 0.371778727 0.114195473 0.032115988 -0.372386903 0.927521765 -0.053393792
0.999305964 -0.007524800 -0.036483139 -0.266900748 0.020594612 0.927697837 0.372763276 0.114222549 0.031040363 -0.373255938 0.927209020 -0.054613061
0.999459684 -0.006985214 -0.032116797 -0.261112213 0.018532243 0.926780760 0.375145465 0.113210365 0.027144760 -0.375537992 0.926409483 -0.055971030
0.999621868 -0.006680813 -0.026671357 -0.252382070 0.016236410 0.926270247 0.376509935 0.112508141 0.022189496 -0.376800597 0.926028550 -0.057225052
0.999807596 -0.006756743 -0.018411648 -0.241018668 0.013192270 0.926353216 0.376424789 0.111355692 0.014512284 -0.376595318 0.926264167 -0.058376648
0.999911427 -0.006726659 -0.011482330 -0.226996794 0.010535318 0.927281439 0.374216914 0.109674126 0.008130124 -0.374304771 0.927270114 -0.059968080
0.999972045 -0.006568385 -0.003578220 -0.211110353 0.007427810 0.928325355 0.371694773 0.107568510 0.000880318 -0.371710926 0.928348184 -0.061302524
0.999977589 -0.006396536 0.001975247 -0.192774743 0.005218000 0.929565609 0.368619829 0.105727516 -0.004194012 -0.368601322 0.929578125 -0.062825456
0.999937952 -0.007517238 0.008227522 -0.173243329 0.003975217 0.930277407 0.366835386 0.104283452 -0.010411467 -0.366779894 0.930249512 -0.063624725
0.999858618 -0.009350761 0.013969917 -0.152761832 0.003565601 0.930076540 0.367348373 0.102967687 -0.016428079 -0.367246628 0.929978549 -0.063839138
0.999730825 -0.013988498 0.018505145 -0.130758166 0.006149025 0.928991497 0.370049745 0.102354974 -0.022367558 -0.369836360 0.928827643 -0.063821204
0.999641776 -0.018157320 0.019659426 -0.108947568 0.009450731 0.926800191 0.375436068 0.101627633 -0.025037268 -0.375115812 0.926639795 -0.062648669
0.999518156 -0.022847649 0.021009510 -0.085918911 0.013125086 0.924497426 0.380962253 0.101531453 -0.028127329 -0.380502939 0.924351871 -0.062004671
0.999403477 -0.025865491 0.022883587 -0.061786178 0.015038410 0.922435701 0.385857761 0.101526856 -0.031089041 -0.385283500 0.922274470 -0.060210668
0.999271810 -0.026467973 0.027481943 -0.038647708 0.013747175 0.921648562 0.387782127 0.101878971 -0.035592500 -0.387121946 0.921341360 -0.058144100
0.999238670 -0.027239483 0.027928820 -0.015023498 0.014275438 0.921532154 0.388039410 0.101728864 -0.036307298 -0.387345314 0.921219468 -0.056345500
0.999267101 -0.028965911 0.025023406 0.009015513 0.017064709 0.922282159 0.386140078 0.101417035 -0.034263544 -0.385430068 0.922100723 -0.054464798
0.999275863 -0.030466100 0.022794440 0.031668916 0.019352952 0.922752619 0.384906530 0.100838266 -0.032760233 -0.384186715 0.922674000 -0.051858291
0.999173999 -0.033753306 0.022630148 0.053282958 0.022443749 0.922592878 0.385121524 0.100029051 -0.033877544 -0.384295464 0.922588348 -0.049536135
0.999097884 -0.035772722 0.022884659 0.074539311 0.024156049 0.921947539 0.386560798 0.099566221 -0.034926791 -0.385659307 0.921979964 -0.047112007
0.998941660 -0.038777385 0.024736095 0.094280541 0.026128657 0.921016276 0.388646841 0.099756874 -0.037853055 -0.387589157 0.921054721 -0.044535656
0.998786509 -0.039801158 0.029006068 0.111413911 0.025306121 0.920024455 0.391043156 0.101121888 -0.042250253 -0.389834523 0.919915199 -0.041638326
0.998269737 -0.045720704 0.036975831 0.140191555 0.027418004 0.918210924 0.395141661 0.104502887 -0.052017771 -0.393444121 0.917875648 -0.035673622
0.998054683 -0.048791256 0.038808331 0.151850253 0.029538965 0.918280661 0.394826561 0.107768722 -0.054901022 -0.392912120 0.917935610 -0.031681925
0.997757912 -0.050171766 0.044294894 0.161903694 0.028744522 0.918930590 0.393370450 0.110515758 -0.060440022 -0.391215175 0.918312430 -0.027340718
0.997045457 -0.053059012 0.055543818 0.171449810 0.027528854 0.921885133 0.386483967 0.112878576 -0.071711481 -0.383813024 0.920622170 -0.022666588
0.995697856 -0.057298627 0.072819874 0.178777203 0.025832742 0.926379800 0.375703514 0.114764646 -0.088986166 -0.372205973 0.923874497 -0.016861901
0.994472265 -0.060208708 0.086021677 0.185395733 0.025518417 0.933288217 0.358220398 0.116641119 -0.101851009 -0.354045063 0.929665744 -0.011564884
0.993474364 -0.058246884 0.098062024 0.189871356 0.021687876 0.940554738 0.338949084 0.117738485 -0.111975439 -0.334610403 0.935680091 -0.005950253
0.992242277 -0.056274675 0.110853612 0.193482101 0.018132605 0.947657526 0.318773389 0.118231647 -0.122990131 -0.314290345 0.941326141 -0.000800289
0.990768850 -0.055721879 0.123580784 0.196821183 0.016470822 0.954343140 0.298258454 0.117072314 -0.134557977 -0.293469667 0.946451068 0.002907310
0.987906873 -0.059483234 0.143184304 0.202948138 0.018633582 0.962336600 0.271221459 0.113963544 -0.153924614 -0.265273452 0.951807261 0.010731757
0.986344755 -0.066948399 0.150472581 0.205956459 0.024011578 0.962344050 0.270771652 0.112241484 -0.162934124 -0.263461053 0.950810552 0.014983095
0.984590590 -0.076774478 0.157121122 0.211542144 0.030493589 0.960084736 0.278042197 0.110782303 -0.172196180 -0.268966526 0.947631478 0.020326436
0.982302308 -0.087091997 0.165822923 0.217678443 0.036659002 0.957594335 0.285778284 0.108613692 -0.183680102 -0.274641722 0.943839788 0.026970446
0.979877710 -0.096596703 0.174667701 0.224431247 0.041804805 0.955006123 0.293625146 0.106629193 -0.195171952 -0.280414850 0.939827383 0.036042273
0.977603495 -0.106295049 0.181639388 0.231920347 0.047377709 0.952078342 0.302162409 0.104061052 -0.205053329 -0.286789417 0.935791075 0.045015849
0.975787818 -0.113120995 0.187194362 0.238965914 0.050102681 0.948715448 0.312135667 0.101586536 -0.212903291 -0.295199305 0.931412697 0.056128345
0.974702775 -0.117999092 0.189817846 0.245575011 0.051854864 0.945492625 0.321488231 0.098451301 -0.217406720 -0.303512514 0.927693069 0.067041039
0.974713326 -0.119816519 0.188620895 0.250484586 0.052237175 0.942883253 0.329002291 0.095500164 -0.217267394 -0.310829967 0.925299764 0.078870706
0.975032628 -0.125744864 0.183029085 0.254107326 0.058095716 0.939965308 0.336288661 0.091048338 -0.214327574 -0.317259192 0.923802078 0.092016950
0.976602554 -0.125674263 0.174508899 0.255032688 0.059677135 0.937977076 0.341522604 0.086312011 -0.206605956 -0.323117673 0.923530698 0.105553515
0.978654683 -0.122826532 0.164768428 0.253232926 0.060221788 0.937949657 0.341502249 0.081408016 -0.196490020 -0.324290097 0.925325692 0.120564751
0.981618285 -0.115302831 0.152088016 0.249425992 0.058273874 0.939896464 0.336450130 0.075690851 -0.181740627 -0.321402878 0.929338753 0.135810345
0.984617293 -0.106040947 0.138866901 0.243099689 0.055505678 0.943438411 0.326868683 0.069971852 -0.165673852 -0.314132720 0.934811652 0.150871307
0.987817645 -0.094251782 0.123826630 0.234674707 0.050708890 0.947243810 0.316477090 0.064969644 -0.147122547 -0.306342542 0.940483510 0.165912330
0.990692139 -0.080565646 0.109718740 0.223759517 0.043082085 0.950181246 0.308706284 0.060457520 -0.129123807 -0.301106066 0.944808006 0.181172252
0.993387759 -0.067625292 0.092776977 0.210968941 0.036495578 0.952198744 0.303291410 0.057164550 -0.108852297 -0.297900051 0.948370516 0.194879755
0.995937228 -0.055961944 0.070549406 0.195676014 0.032179378 0.952893853 0.301592171 0.053883005 -0.084103756 -0.298096657 0.950823307 0.206117496
0.997922301 -0.044546485 0.046545707 0.176090270 0.028459342 0.952932358 0.301844448 0.051090363 -0.057801008 -0.299892664 0.952220321 0.216025963
0.999213338 -0.036088306 0.016442183 0.154307678 0.029365364 0.951953113 0.304832608 0.049778558 -0.026653089 -0.304110020 0.952264011 0.223524138
0.999662042 -0.023622219 -0.010849118 0.128385767 0.025820559 0.950553358 0.309485883 0.050462805 0.003001943 -0.309661418 0.950842202 0.227996007
0.997859180 -0.002083511 -0.065365277 0.070527770 0.023056826 0.946522474 0.321812749 0.051004551 0.061199188 -0.322631001 0.944544196 0.221644506
0.996375084 0.008164995 -0.084675714 0.009896783 0.020059232 0.944764078 0.327136546 0.050979972 0.082669646 -0.327649206 0.941175699 0.231377229
0.993943930 0.022301504 -0.107601851 -0.021734374 0.014613843 0.943666399 0.330575377 0.054922927 0.108912587 -0.330145836 0.937625587 0.221495196
0.990631104 0.030152265 -0.133194894 -0.052739844 0.016006483 0.942962885 0.332512677 0.059345629 0.135623857 -0.331529379 0.933645785 0.208446875
0.987381577 0.033909515 -0.154686213 -0.083626002 0.019835725 0.942628980 0.333252281 0.063211329 0.157112136 -0.332115412 0.930061877 0.192207560
0.983234704 0.034798060 -0.178993344 -0.111774281 0.027431838 0.942221999 0.333863974 0.067908615 0.180269256 -0.333176821 0.925470829 0.173755214
0.979993880 0.036181610 -0.195711479 -0.136567831 0.032689944 0.940720737 0.337602764 0.072854266 0.196324885 -0.337246388 0.920717955 0.152396768
0.978377521 0.040821213 -0.202758268 -0.159046173 0.031551838 0.939396858 0.341376573 0.080715865 0.204405889 -0.340392619 0.917796791 0.132334158
0.977421522 0.044036869 -0.206658602 -0.175791785 0.030802285 0.937898159 0.345540524 0.087709904 0.209041223 -0.344104379 0.915365458 0.109383702
0.977530837 0.045811702 -0.205754071 -0.188150346 0.029531848 0.936707616 0.348865271 0.096577078 0.208713502 -0.347102851 0.914307475 0.088943884
0.979024410 0.044602949 -0.198801145 -0.195724130 0.028712520 0.935801983 0.351355016 0.106108278 0.201709986 -0.349693120 0.914892197 0.065369442
0.982856750 0.029709738 -0.181961268 -0.197880358 0.038895361 0.931307554 0.362151086 0.125118062 0.180221319 -0.363020092 0.914186358 0.023717098
0.985358000 0.016715543 -0.169676751 -0.192583963 0.048007183 0.927717328 0.370183557 0.134093463 0.163599893 -0.372909069 0.913331211 0.002105854
0.988479257 0.004894543 -0.151277333 -0.184368461 0.053210933 0.924437881 0.377601802 0.144230679 0.141694725 -0.381301165 0.913527250 -0.017188802
0.994630933 -0.031741638 -0.098497711 -0.154731005 0.067505874 0.920417964 0.385063320 0.161377668 0.078436524 -0.389645070 0.917618871 -0.051540516
0.996252477 -0.054733202 -0.066971064 -0.134684235 0.076276347 0.921029925 0.381949961 0.166921139 0.040777005 -0.385626912 0.921753228 -0.066302128
0.996472418 -0.077560432 -0.032047626 -0.112056866 0.083919406 0.922996879 0.375545323 0.170936733 0.000452402 -0.376910001 0.926249743 -0.079959802
0.995124161 -0.098407827 0.006627128 -0.088107415 0.089120843 0.925928950 0.367032588 0.173371121 -0.042255130 -0.364652365 0.930184543 -0.091566011
0.992025495 -0.117104851 0.046603866 -0.062561445 0.092849627 0.929059982 0.358087271 0.176063418 -0.085231550 -0.350904554 0.932524323 -0.099857777
0.987216532 -0.135035023 0.084670402 -0.035112143 0.096989445 0.930518329 0.353169560 0.175905913 -0.126477629 -0.340442747 0.931720018 -0.106078655
0.981040537 -0.152934298 0.119040675 -0.007136167 0.102460071 0.930660427 0.351245046 0.175489753 -0.164503872 -0.332388729 0.928685248 -0.108636841
0.967605293 -0.181302100 0.175697178 0.048038017 0.109428607 0.928327620 0.355293185 0.173651814 -0.227519929 -0.324557275 0.918094337 -0.108235911
0.961619020 -0.189594269 0.198350102 0.077660501 0.108865477 0.927176416 0.358458102 0.171956062 -0.251867115 -0.323106676 0.912230849 -0.098912455
0.957014203 -0.193653911 0.215921178 0.107455224 0.106247701 0.926772892 0.360282511 0.168932095 -0.269879997 -0.321854383 0.907510102 -0.087818280
0.952743709 -0.195366368 0.232618466 0.136303544 0.102035679 0.927081823 0.360705227 0.164602071 -0.286125988 -0.319924235 0.903205574 -0.072543085
0.950143933 -0.191684663 0.245933920 0.164164111 0.095325582 0.929531157 0.356208920 0.159366101 -0.296883106 -0.315006018 0.901460886 -0.053708371
0.946815133 -0.172823191 0.271427989 0.189353496 0.075677238 0.939462543 0.334190130 0.148260877 -0.312752217 -0.295875371 0.902576208 -0.039662573
0.946425498 -0.171392933 0.273684412 0.209583610 0.077352956 0.943176270 0.323164046 0.140383050 -0.313520640 -0.284680426 0.905903876 -0.015988849
0.947098017 -0.169681743 0.272421867 0.224614844 0.079190031 0.946117461 0.313991547 0.132903025 -0.311021686 -0.275807649 0.909502923 0.007252708
0.947754979 -0.169631824 0.270158410 0.234179020 0.082217954 0.948175788 0.306924850 0.125391424 -0.308221817 -0.268677682 0.912585139 0.032323562
0.949973047 -0.166122526 0.264489442 0.236505270 0.082125753 0.949879825 0.301634699 0.118565410 -0.301341534 -0.264823467 0.916003168 0.054615222
0.958558619 -0.151842788 0.241058439 0.216384664 0.076974042 0.952695072 0.294018924 0.104068242 -0.274299890 -0.263279110 0.924902022 0.032214329
0.965345681 -0.139690444 0.220441341 0.198848367 0.072143808 0.954608917 0.288993239 0.100235224 -0.250804871 -0.263074845 0.931605399 0.050229929
0.972788930 -0.121098794 0.197527155 0.173947185 0.061725687 0.957180738 0.282833904 0.098280668 -0.223320067 -0.262945145 0.938609660 0.066938445
0.980616093 -0.099815525 0.168608323 0.144577250 0.050159808 0.959724963 0.276427150 0.097180933 -0.189409360 -0.262611598 0.946128547 0.079092994
